{"question_id": 0, "image_path": "0/image.png", "gt_depth_path": "0/gt_depth.png", "mask_path": "0/mask.png", "gt_depth_intrinsics": [[421.6617431640625, 0.0, 253.9289093017578], [0.0, 421.6598815917969, 192.12013244628906], [0.0, 0.0, 1.0]], "prompt": "pick up the pale blue pillow on the sofa which is the second pale blue pillow from the right, and move it to the top of the wooden stool on the left", "target_object": "the pale blue pillow on the sofa which is the second pale blue pillow from the right", "destination|direction": "the top of the wooden stool on the left", "trajectory": [[0.3656957605957062, -0.0154727397889737, 1.7449999999999999], [0.14433472312971857, -0.37824608573193913, 1.5129999999999997], [-0.11851453212170616, -0.48057865461779503, 1.4950000000000097], [-0.36499838626470044, -0.5378791809423078, 1.5380000000000063], [-0.8448668727001182, -0.5268276503622253, 1.6430000000000073], [-1.1398665165449666, -0.4493887684410257, 1.927000000000013], [-1.1630277570143241, -0.203180558069577, 2.150000000000001]], "bbox_center": [-1.103027757014324, -0.303180558069577, 2.0300000000000007], "bbox_extent": [0.35, 0.35, 0.3], "bbox_rotation": [[0.8067072841115988, -0.14224425972292404, -0.573576436351046], [-0.18174757236644734, 0.8638357856381216, -0.46984631039295416], [0.5623087921242128, 0.483274565880356, 0.6710100716628343]], "model_prediction": "Based on the visual information and the task description, here is the planned trajectory.\n\n**Task Analysis:**\n1.  **Start Point:** The \"second pale blue pillow from the right\" corresponds to the prominent striped pale blue pillow located in the middle of the sofa. The first one is likely the partially visible one on the far right or the prompt implies the counting includes the rightmost cushion. The center of this target pillow is approximately at pixel coordinates (372, 238). The depth is estimated at roughly 1.82 meters given the sofa's position.\n2.  **End Point:** The \"wooden stool on the left\" is the object in the foreground on the left side of the image with a grey cushion. The center of the top surface is approximately at pixel coordinates (68, 162). The depth is estimated at 0.85 meters as it is closer to the camera.\n3.  **Trajectory:** The robot needs to lift the pillow from the sofa, move it left and forward (decreasing depth) towards the stool, and place it on top.\n\n**Key Trajectory Points:**\nThe trajectory consists of 10 points, starting with a lift action, followed by a linear interpolation towards the stool while decreasing depth.\n\n```json\n[\n  [372, 238, 1.82],\n  [372, 210, 1.82],\n  [334, 204, 1.70],\n  [296, 198, 1.58],\n  [258, 192, 1.46],\n  [220, 186, 1.34],\n  [182, 180, 1.22],\n  [144, 174, 1.10],\n  [106, 168, 0.98],\n  [68, 162, 0.85]\n]\n```"}
{"question_id": 1, "image_path": "1/image.png", "gt_depth_path": "1/gt_depth.png", "mask_path": "1/mask.png", "gt_depth_intrinsics": [[420.1812744140625, 0.0, 255.94032287597656], [0.0, 420.2139892578125, 191.5743865966797], [0.0, 0.0, 1.0]], "prompt": "pick up the paper towel on the white table, and move it to the top of the highest brown wooden shelf on the right.", "target_object": "the paper towel on the white table", "destination|direction": "the top of the highest brown wooden shelf on the right", "trajectory": [[0.09463477546573701, 0.6270848318306481, 2.4560000000000004], [0.06829668097468862, 0.2766739767946308, 2.3880000000000075], [0.09522964723826123, 0.06100828246513388, 2.362000000000007], [0.21668317354831687, -0.10164022055296998, 2.370000000000006], [0.3871591489632133, -0.06671053221552564, 2.401000000000005], [0.39821830918400697, 0.05237260722410254, 2.4620000000000033]], "bbox_center": [0.39821830918400697, -0.04762739277589746, 2.5020000000000033], "bbox_extent": [0.2, 0.2, 0.25], "bbox_rotation": [[0.9659258262890683, 0.0, -0.25881904510252074], [-0.044943455527547777, 0.984807753012208, -0.16773125949652062], [0.25488700224417876, 0.17364817766693033, 0.9512512425641977]], "model_prediction": "Based on the visual information, the task is to move the toilet paper roll (identified as \"paper towel\") from the small white cabinet (\"white table\") on the left to the wooden shelf above the sink on the right.\n\n**Trajectory Planning:**\n1.  **Start Point:** The center of the toilet paper roll on the white cabinet.\n    *   Coordinates: (535, 780)\n    *   Estimated Depth: 1.6 meters\n2.  **Lift:** The robot arm should lift the object vertically to clear the cabinet and any immediate obstacles.\n    *   Coordinates: (535, 710)\n    *   Estimated Depth: 1.6 meters\n3.  **Transport:** The arm moves diagonally upwards and to the right, crossing the space between the toilet area and the sink area. The depth increases as it moves towards the back wall where the shelf is mounted.\n    *   Intermediate points interpolate the position and depth.\n4.  **Approach & Place:** The arm approaches the shelf height and depth, positioning the object on the available space on the shelf (likely to the left of the existing bottles).\n    *   Target Coordinates: (640, 525)\n    *   Target Depth: 2.0 meters\n\n**Key Trajectory Points:**\n\n```json\n[\n  [535, 780, 1.6],\n  [535, 710, 1.6],\n  [550, 660, 1.7],\n  [575, 615, 1.8],\n  [600, 575, 1.9],\n  [620, 545, 1.95],\n  [635, 530, 2.0],\n  [640, 525, 2.0]\n]\n```"}
{"question_id": 2, "image_path": "2/image.png", "gt_depth_path": "2/gt_depth.png", "mask_path": "2/mask.png", "gt_depth_intrinsics": [[418.49224853515625, 0.0, 253.98204040527344], [0.0, 418.10504150390625, 191.89065551757812], [0.0, 0.0, 1.0]], "prompt": "pick up the bottle on the glass table, and move it to the spot which is on the wooden table and on the right of the black object on the wooden table.", "target_object": "the bottle on the glass table", "destination|direction": "the spot which is on the wooden table and on the right of the black object on the wooden table.", "trajectory": [[1.259695493903153, 0.16529815949326104, 3.2540000000000004], [1.2884984890784434, -0.08654627857183828, 3.3090000000000153], [1.3204028708494058, -0.2787636274561752, 3.500000000000014], [1.3939678475863404, -0.4811484594757576, 3.778000000000012], [1.5802428988983874, -0.6194546667244742, 4.1400000000000325], [1.8421370136658581, -0.6879645462424411, 4.535000000000024], [1.8691418256150263, -0.5192117352066712, 4.634999999999999]], "bbox_center": [1.8691418256150263, -0.6192117352066713, 4.555000000000001], "bbox_extent": [0.2, 0.31, 0.3], "bbox_rotation": [[1.0, 0.0, 0.0], [0.0, 0.2588190451025212, 0.9659258262890682], [0.0, -0.9659258262890682, 0.2588190451025212]], "model_prediction": "Based on the visual information, the task is to move the bottle from the glass coffee table in the foreground to the wooden dining table in the background, specifically to the right of the black object (likely a laptop or placemat) on that table.\n\nHere is the predicted trajectory:\n1.  **Start:** The bottle is located on the glass table in the lower right area of the image.\n2.  **Lift:** The robot lifts the bottle vertically.\n3.  **Transport:** The robot moves the bottle through the room towards the wooden table in the background. The depth increases significantly.\n4.  **Approach:** The robot positions the bottle above the target spot on the wooden table.\n5.  **Place:** The robot lowers the bottle onto the table surface, to the right of the black object.\n\nEstimated coordinates (based on an image resolution of roughly 1024x768):\n*   **Start (Bottle):** (815, 580) with depth ~1.5m\n*   **Target (Wooden Table):** (880, 385) with depth ~4.8m\n\n```json\n[\n  [815, 580, 1.5],\n  [815, 500, 1.5],\n  [828, 474, 2.3],\n  [841, 448, 3.1],\n  [854, 422, 3.9],\n  [867, 396, 4.5],\n  [880, 370, 4.8],\n  [880, 385, 4.8]\n]\n```"}
{"question_id": 3, "image_path": "3/image.png", "gt_depth_path": "3/gt_depth.png", "mask_path": "3/mask.png", "gt_depth_intrinsics": [[421.31158447265625, 0.0, 253.70516967773438], [0.0, 421.43023681640625, 191.67669677734375], [0.0, 0.0, 1.0]], "prompt": "pick up the sponge wipe in the white cup, and move it to the sink.", "target_object": "the sponge wipe in the white cup", "destination|direction": "the sink", "trajectory": [[0.07442790639524516, -0.33625460609296864, 1.704], [0.08441436907420775, -0.43869088693476466, 1.6599999999999997], [0.15416865318830747, -0.4923053523006674, 1.5539999999999996], [0.2059521665870609, -0.46815797557407524, 1.5079999999999996], [0.24687229610320138, -0.39184330688328384, 1.5049999999999997], [0.2908398951927841, -0.2753192529508467, 1.5149999999999997], [0.3351070824621249, -0.1462579998618334, 1.5509999999999997], [0.3560527618699104, -0.0604826416391239, 1.5779999999999998]], "bbox_center": [0.3560527618699104, -0.0604826416391239, 1.5779999999999998], "bbox_extent": [0.44999999999999996, 0.25000000000000006, 0.4], "bbox_rotation": [[0.984807753012208, 0.0, 0.1736481776669303], [0.07338689100003824, 0.9063077870366499, -0.41619774072678345], [-0.15737869562426263, 0.4226182617406995, 0.8925389352890299]], "model_prediction": "```json\n[\n  [515, 325, 0.75],\n  [515, 300, 0.75],\n  [515, 275, 0.75],\n  [540, 280, 0.74],\n  [570, 300, 0.73],\n  [600, 330, 0.72],\n  [630, 365, 0.70],\n  [655, 395, 0.68],\n  [670, 415, 0.66],\n  [680, 430, 0.65]\n]\n```"}
{"question_id": 4, "image_path": "4/image.png", "gt_depth_path": "4/gt_depth.png", "mask_path": "4/mask.png", "gt_depth_intrinsics": [[422.8226318359375, 0.0, 254.60523986816406], [0.0, 422.92877197265625, 191.09210205078125], [0.0, 0.0, 1.0]], "prompt": "pick up the orange object at right which is on the window sill, and move it to a spot which is on the sink's edge and beside the right wall.", "target_object": "the orange object at right which is on the window sill", "destination|direction": "a spot is on the sink's edge and beside the right wall", "trajectory": [[0.8754062065952549, 0.016590873490911373, 2.413], [0.805186582482693, -0.04706837738201671, 2.360000000000002], [0.7908861098103421, -0.014751337263043056, 2.2850000000000033], [0.7990381163852724, 0.03297484870328963, 2.1550000000000065], [0.84024324358364, 0.15033247177009387, 1.985000000000007], [0.9892861201459223, 0.2908389843655857, 1.8050000000000033], [0.9803187735780421, 0.4113797597580695, 1.819]], "bbox_center": [0.9803187735780421, 0.35137975975806945, 1.819], "bbox_extent": [0.15000000000000002, 0.16000000000000003, 0.15000000000000002], "bbox_rotation": [[0.9361168066628592, -0.08189960831908936, -0.34202014332566866], [0.05712850152652285, 0.9950019037522059, -0.08189960831908934], [0.34701823957346284, 0.05712850152652281, 0.9361168066628592]], "model_prediction": "Based on the image and the task instruction, the robot needs to move the small orange jar located on the window sill to the edge of the sink near the right wall.\n\n**Trajectory Analysis:**\n1.  **Start Point:** The orange object (jar) is located on the window sill on the right side of the image, next to a blue bottle. Its coordinates are approximately (793, 516). The depth is estimated to be around 1.85 meters as it is on the window ledge in the background.\n2.  **End Point:** The target location is the sink's edge beside the right wall. The sink is in the bottom right corner. The specific spot would be the flat surface of the sink near the wall. Coordinates are approximately (961, 756). The depth is closer, estimated at 1.37 meters.\n3.  **Path:** The trajectory involves moving the object downwards (increasing y), to the right (increasing x), and closer to the camera (decreasing depth). A linear interpolation in image space represents a direct path in 3D space.\n\n**Predicted Trajectory Points:**\n\n```json\n[\n  [793, 516, 1.85],\n  [814, 546, 1.79],\n  [835, 576, 1.73],\n  [856, 606, 1.67],\n  [877, 636, 1.61],\n  [898, 666, 1.55],\n  [919, 696, 1.49],\n  [940, 726, 1.43],\n  [961, 756, 1.37]\n]\n```"}
{"question_id": 5, "image_path": "5/image.png", "gt_depth_path": "5/gt_depth.png", "mask_path": "5/mask.png", "gt_depth_intrinsics": [[419.87890625, 0.0, 190.77684020996094], [0.0, 419.601318359375, 256.0598449707031], [0.0, 0.0, 1.0]], "prompt": "pick up the brown toy dog next to the door, and move it to the spot which is on the wooden table, between the glass jars filled with colorful candies and white remote control.", "target_object": "the brown toy dog next to the door", "destination|direction": "the spot which is on the wooden table, between the glass jars filled with colorful candies and white remote control", "trajectory": [[0.22151146011161607, 0.4335061260427291, 1.164], [0.045756383574714635, 0.4071500004072877, 1.0539999999999998], [-0.04146540968727035, 0.2836099729037342, 0.9459999999999995], [-0.12762148990245503, -0.035782593049228865, 0.8199999999999994], [-0.18334950989170967, -0.39540557588438147, 0.7059999999999993], [-0.11280738864848935, -0.6497262103280004, 1.0199999999999998], [-0.09999291791631006, -0.5475221264110336, 1.129]], "bbox_center": [-0.09999291791631004, -0.6075221264110336, 1.049], "bbox_extent": [0.2, 0.2, 0.2], "bbox_rotation": [[0.6427876096865394, 0.0, 0.766044443118978], [0.5868240888334652, 0.6427876096865394, -0.49240387650610407], [-0.49240387650610407, 0.766044443118978, 0.41317591116653485]], "model_prediction": "```json\n[\n    [718, 812, 1.60],\n    [700, 700, 1.50],\n    [660, 590, 1.40],\n    [610, 480, 1.30],\n    [550, 370, 1.20],\n    [500, 270, 1.10],\n    [450, 180, 1.00],\n    [405, 100, 0.90]\n]\n```"}
{"question_id": 6, "image_path": "6/image.png", "gt_depth_path": "6/gt_depth.png", "mask_path": "6/mask.png", "gt_depth_intrinsics": [[420.6019287109375, 0.0, 190.76690673828125], [0.0, 420.3243713378906, 255.79473876953125], [0.0, 0.0, 1.0]], "prompt": "pick up the white remote control, and move it to the spot which is between the black glass bottle and the brown glass bottle on the wooden table.", "target_object": "the white remote control", "destination|direction": "the spot which is between the black glass bottle and the brown glass bottle on the wooden table", "trajectory": [[0.041081540621278737, 0.5204770459477467, 1.184], [-0.0804093038570385, 0.3798687338132077, 1.2229999999999999], [-0.21068545881074563, 0.33260871872156833, 1.3179999999999996], [-0.5350003018367637, 0.24605313627802516, 1.5800000000000005], [-0.7353724056186912, 0.13772541086889883, 2.05600000000001], [-0.6783273669298934, 0.19866865865269112, 2.396000000000006], [-0.6854517165659916, 0.24919926343855442, 2.4069999999999996]], "bbox_center": [-0.6454517165659915, 0.22919926343855443, 2.4069999999999996], "bbox_extent": [0.11000000000000003, 0.11000000000000003, 0.21000000000000002], "bbox_rotation": [[-0.4226182617406985, 1.1730013120289609e-17, -0.9063077870366504], [-0.15737869562426268, 0.984807753012208, 0.07338689100003806], [0.8925389352890304, 0.17364817766693028, -0.4161977407267825]], "model_prediction": "Based on the task instruction and the image, the robot needs to move the white remote control (located on the bottom right blue mat) to the space between the black glass bottle (dark jar on the far left of the counter) and the brown glass bottle (jar with brown contents next to the black one).\n\nHere is the predicted trajectory:\n\n1.  **Start:** Lift the remote from its current position.\n2.  **Trajectory:** Move diagonally across the table, lifting the remote to avoid the fruit bowl and other items on the counter, while moving deeper into the scene towards the back left.\n3.  **End:** Place the remote in the gap between the two specified bottles.\n\n**Key Trajectory Points:**\n\n```json\n[\n  [560, 850, 0.35],\n  [555, 780, 0.36],\n  [515, 725, 0.40],\n  [475, 680, 0.44],\n  [435, 640, 0.48],\n  [395, 610, 0.52],\n  [350, 585, 0.56],\n  [305, 565, 0.59],\n  [260, 545, 0.62],\n  [220, 530, 0.65]\n]\n```"}
{"question_id": 7, "image_path": "7/image.png", "gt_depth_path": "7/gt_depth.png", "mask_path": "7/mask.png", "gt_depth_intrinsics": [[421.9646911621094, 0.0, 254.96099853515625], [0.0, 422.0835876464844, 190.86778259277344], [0.0, 0.0, 1.0]], "prompt": "pick up the picture frame on the wooden table, and move it to the chair which is on the right of the wooden table.", "target_object": "the picture frame on the wooden table", "destination|direction": "the chair which is on the right of the wooden table", "trajectory": [[-0.4635315198830341, -0.3596069804534578, 1.617], [-0.37012583696217943, -0.4428648452172266, 1.4869999999999999], [-0.2568762608991043, -0.4293412017423387, 1.3899999999999997], [-0.17428335223002, -0.21868504558835378, 1.3749999999999998], [-0.12932198804088163, -0.005494350847219293, 1.3899999999999997], [-0.09891860548455444, 0.34591132874479397, 1.4829999999999997], [-0.10423301194863158, 0.537144737718294, 1.533]], "bbox_center": [-0.10423301194863158, 0.41714473771829386, 1.533], "bbox_extent": [0.35, 0.25, 0.3], "bbox_rotation": [[0.9622501868990583, 0.08418598282936919, 0.25881904510252074], [0.006284868208108488, 0.9438319486579569, -0.3303660895493521], [-0.27209387763111137, 0.31952147500219286, 0.9076733711903687]], "model_prediction": "Based on the image provided, the task is to move the picture frame from the top of the wooden dresser to the seat of the chair on the right.\n\n1.  **Start Point:** The center of the picture frame on the dresser is approximately at `(222, 293)`.\n2.  **End Point:** The center of the chair's seat (the pink cushion) is approximately at `(425, 880)`.\n3.  **Trajectory:** The path involves moving the object to the right and downwards. The robot needs to clear the edge of the dresser and the teddy bears located near the corner before lowering the frame onto the chair seat. The depth is estimated to be around 1.5 meters, increasing slightly as the chair is positioned slightly further back or to account for the placement motion.\n\nHere are the predicted key 3D trajectory points:\n\n```json\n[\n  [222, 293, 1.50],\n  [240, 340, 1.51],\n  [260, 400, 1.52],\n  [280, 460, 1.53],\n  [300, 520, 1.54],\n  [325, 590, 1.55],\n  [350, 660, 1.56],\n  [375, 730, 1.57],\n  [400, 800, 1.58],\n  [425, 880, 1.60]\n]\n```"}
{"question_id": 8, "image_path": "8/image.png", "gt_depth_path": "8/gt_depth.png", "mask_path": "8/mask.png", "gt_depth_intrinsics": [[421.9646911621094, 0.0, 255.0101318359375], [0.0, 422.0835876464844, 190.86993408203125], [0.0, 0.0, 1.0]], "prompt": "pick up the closest white toy bear on the left of the wooden chair, and move it to the spot on the window sill to the right of the gray toy.", "target_object": "the closest white toy bear on the left of the wooden chair", "destination|direction": "the spot on the window sill to the right of the gray toy.", "trajectory": [[-0.7972634886145082, 0.2635278274955923, 1.672], [-0.6371596815462915, 0.1505575014089894, 1.5249999999999997], [-0.4072559445008035, 0.09669924469491538, 1.4059999999999997], [-0.13676274582537723, 0.07261813100944374, 1.3319999999999996], [0.2520218162530406, 0.06728860535173761, 1.4039999999999997], [0.516950588702243, -0.005862946524920589, 1.7990000000000002], [0.5058543835334777, 0.1234796685811088, 1.8559999999999999]], "bbox_center": [0.5258543835334777, 0.043479668581108785, 1.8359999999999999], "bbox_extent": [0.15000000000000002, 0.2, 0.15500000000000003], "bbox_rotation": [[1.0, 0.0, 0.0], [0.0, 0.9659258262890683, -0.25881904510252074], [0.0, 0.25881904510252074, 0.9659258262890683]], "model_prediction": "Based on the visual information provided, the task is to move the white toy bear from the wooden chest on the left to the window sill on the right, specifically to the right of the gray toy.\n\n**Analysis:**\n1.  **Start Position:** The white toy bear is located on the wooden chest/cabinet on the left side of the image. Its position is approximately at coordinates (115, 600) in the image frame (assuming a standard scale), with a depth of about 0.95 meters (foreground).\n2.  **Target Position:** The target is a spot on the window sill to the right of the gray toy. The gray toy is sitting on the sill, partially obscured by the curtain, at roughly x=620. The target spot is to its right, around (680, 450), with a depth of about 2.0 meters (background).\n3.  **Trajectory:** The robot needs to lift the bear vertically to clear the chest and any potential obstacles (like the chair back), then move diagonally across the scene (increasing x, decreasing y due to perspective, and increasing depth) to reach the window sill.\n\n**Predicted Trajectory:**\n1.  **Start:** Pick up the bear at (115, 600).\n2.  **Lift:** Raise the bear to (115, 520) to ensure clearance.\n3.  **Traverse:** Move towards the window, passing over the chair and towards the curtain area. The path interpolates between the start and end points while increasing depth.\n4.  **Approach:** Move past the curtain and the gray toy.\n5.  **Place:** Lower the bear onto the window sill at the target spot (680, 450).\n\n```json\n[\n  [115, 600, 0.95],\n  [115, 520, 0.95],\n  [180, 510, 1.08],\n  [250, 500, 1.21],\n  [320, 490, 1.34],\n  [400, 480, 1.47],\n  [480, 470, 1.6],\n  [550, 460, 1.73],\n  [620, 455, 1.86],\n  [680, 450, 2.0]\n]\n```"}
{"question_id": 9, "image_path": "9/image.png", "gt_depth_path": "9/gt_depth.png", "mask_path": "9/mask.png", "gt_depth_intrinsics": [[421.9646911621094, 0.0, 254.978759765625], [0.0, 422.0835876464844, 190.8806915283203], [0.0, 0.0, 1.0]], "prompt": "pick up the gray toy on the left, and move it to a spot on the same line so that the spacing between it and the second toy matches the spacing between the second and third toys.", "target_object": "the gray toy on the left", "destination|direction": "a spot on the same line so that the spacing between it and the second toy matches the spacing between the second and third toys", "trajectory": [[-0.5892437647985573, -0.09838933278431854, 1.729], [-0.454536253757972, -0.1330659468137675, 1.723], [-0.38806297749632074, -0.1380804619171583, 1.7389999999999999], [-0.24001789116159405, -0.13732939479069772, 1.8399999999999999], [-0.2412561403503697, -0.05435325137636303, 1.881]], "bbox_center": [-0.2412561403503697, -0.15435325137636302, 1.821], "bbox_extent": [0.25, 0.25, 0.2], "bbox_rotation": [[0.9396926207859084, 0.0, -0.3420201433256687], [-0.144543958452599, 0.9063077870366499, -0.39713126196710286], [0.30997551921944466, 0.42261826174069944, 0.8516507396391465]], "model_prediction": "Based on the visual information and the task instructions, here is the planned trajectory.\n\n**Analysis:**\n1.  **Identify Objects:**\n    *   **Toy 1 (Gray, Left):** The object to be moved. Its current center of mass is approximately at `(x=215, y=450)`.\n    *   **Toy 2 (Brown, Middle):** The reference object. Its center is approximately at `(x=620, y=390)`.\n    *   **Toy 3 (Small Bear, Right):** The second reference object. Its center is approximately at `(x=830, y=340)`.\n\n2.  **Calculate Target Position:**\n    *   The task requires the spacing between Toy 1 and Toy 2 to match the spacing between Toy 2 and Toy 3.\n    *   Vector from Toy 2 to Toy 3: $\\Delta x = 830 - 620 = 210$, $\\Delta y = 340 - 390 = -50$.\n    *   To maintain equal spacing on the line, the target position for Toy 1 ($P_{target}$) relative to Toy 2 should be the inverse of this vector.\n    *   $P_{target} = P_{Toy2} - \\vec{V}_{23}$\n    *   $x_{target} = 620 - 210 = 410$\n    *   $y_{target} = 390 - (-50) = 440$\n    *   Target Position: `(410, 440)`.\n\n3.  **Trajectory Planning:**\n    *   **Start:** Current position `(215, 450)`.\n    *   **Action:** Lift the toy, move it to the right to the calculated target x-coordinate, and lower it onto the sill line.\n    *   **Depth:** Assuming a working depth of roughly 0.6 meters for the window sill, with a slight decrease (0.55m) during the lift/transport phase to represent moving closer to the camera/clearing obstacles.\n\n**Trajectory Points:**\n```json\n[\n    [215, 450, 0.6],\n    [215, 410, 0.55],\n    [264, 405, 0.55],\n    [313, 400, 0.55],\n    [362, 405, 0.55],\n    [410, 410, 0.55],\n    [410, 440, 0.6]\n]\n```"}
{"question_id": 10, "image_path": "10/image.png", "gt_depth_path": "10/gt_depth.png", "mask_path": "10/mask.png", "gt_depth_intrinsics": [[420.7596130371094, 0.0, 254.92266845703125], [0.0, 420.8785095214844, 190.93508911132812], [0.0, 0.0, 1.0]], "prompt": "pick up the toy bear on the window sill, and move it to the right of the orange fabric.", "target_object": "the toy bear on the window sill", "destination|direction": "the right of the orange fabric", "trajectory": [[-0.7348099996148671, -0.5211571249711867, 1.718], [-0.7328826474161182, -0.5463850741338028, 1.571], [-0.6938661342114656, -0.4737425457426312, 1.4569999999999999], [-0.6511660729746206, -0.3415841739026651, 1.3719999999999999], [-0.6258912644549022, -0.19113674538099856, 1.38], [-0.5966844241187153, -0.03655338162399945, 1.42], [-0.5877918266400369, 0.09114470145664522, 1.493]], "bbox_center": [-0.607791826640037, 0.011144701456645204, 1.393], "bbox_extent": [0.2, 0.25, 0.25], "bbox_rotation": [[0.9063077870366499, 0.0, -0.4226182617406995], [-0.1786061951567304, 0.9063077870366499, -0.38302222155948906], [0.38302222155948906, 0.4226182617406995, 0.8213938048432696]], "model_prediction": "Based on the task instruction and the image, the robot needs to move the toy bear from the window sill to the bench, specifically to the right of the orange fabric.\n\n1.  **Start Point**: The toy bear is located on the window sill in the upper left part of the image. Its approximate coordinates are (151, 196). The window sill is in the background, so we estimate a depth of about 1.5 meters.\n2.  **End Point**: The target location is to the right of the orange fabric on the bench. The orange fabric is located in the lower left, around (65, 615). The empty space on the patterned cushion to its right is a suitable target. We'll aim for coordinates around (200, 620). The bench is in the foreground, so we estimate a depth of about 0.8 meters.\n3.  **Trajectory**: The path involves moving the arm down (increasing y), slightly to the right (increasing x), and forward towards the camera (decreasing depth).\n\nHere are the predicted trajectory points:\n\n```json\n[\n  [151, 196, 1.5],\n  [157, 249, 1.41],\n  [163, 302, 1.32],\n  [169, 355, 1.23],\n  [175, 408, 1.14],\n  [181, 461, 1.05],\n  [187, 514, 0.96],\n  [193, 567, 0.87],\n  [200, 620, 0.8]\n]\n```"}
{"question_id": 11, "image_path": "11/image.png", "gt_depth_path": "11/gt_depth.png", "mask_path": "11/mask.png", "gt_depth_intrinsics": [[421.0006408691406, 0.0, 255.01205444335938], [0.0, 421.1195068359375, 190.88800048828125], [0.0, 0.0, 1.0]], "prompt": "pick up the red hair drier, and move it on the blue pad which is on the wooden table.", "target_object": "the red hair drier", "destination|direction": "the blue pad which is on the wooden table", "trajectory": [[0.16831005145284833, 0.08571826514553985, 1.672], [0.16459723708330976, -0.09638190468985104, 1.6], [0.08209492438357306, -0.18088433293881884, 1.5569999999999997], [-0.00920204795108845, -0.20529667146982827, 1.5509999999999997], [-0.1390210274491787, -0.2133937175109012, 1.5539999999999996], [-0.36924046046243564, -0.19248908143083765, 1.6690000000000036], [-0.5658146017183039, -0.07719897698743487, 1.940000000000007], [-0.5731080498217188, 0.059306070100651885, 2.0420000000000003]], "bbox_center": [-0.5731080498217188, -0.020693929899348113, 1.9820000000000002], "bbox_extent": [0.2, 0.2, 0.2], "bbox_rotation": [[0.8067072841115988, 0.14224425972292404, -0.573576436351046], [-0.26909741914733987, 0.9525508645653092, -0.14224425972292404], [0.5261273009163553, 0.26909741914733987, 0.8067072841115988]], "model_prediction": "To perform the task of moving the red hair dryer to the blue pad on the wooden table, the robot needs to execute a pick-and-place trajectory.\n\n1.  **Identify Start and End Points:**\n    *   **Start:** The red hair dryer is located in a spiral holder on a stand to the right of the vanity table. Its approximate coordinates in the image are (572, 523). The stand is positioned on the floor, slightly closer to the camera than the back of the vanity table, estimated at a depth of 1.5 meters.\n    *   **End:** The blue pad is located on the white vanity table to the left. Its approximate coordinates are (255, 535). The pad is further back on the table surface, estimated at a depth of 1.8 meters.\n\n2.  **Trajectory Planning:**\n    *   **Lift:** The robot must first lift the hair dryer vertically to clear the spiral metal holder. This involves decreasing the y-coordinate while maintaining the x-coordinate and depth.\n    *   **Traverse:** The robot moves the dryer horizontally to the left (decreasing x-coordinate) towards the table. It should maintain a safe height (lower y-value) to avoid colliding with items on the table like the mirror or bottles.\n    *   **Approach & Place:** Once aligned with the blue pad's x-coordinate, the robot lowers the dryer (increasing y-coordinate) and adjusts the depth (increasing d) to place it gently onto the pad.\n\n3.  **Key Trajectory Points:**\n    *   **Point 1 (Start):** At the red hair dryer's current position.\n    *   **Points 2-3 (Lift):** Moving up to clear the holder.\n    *   **Points 4-6 (Traverse):** Moving left across the gap between the stand and the table.\n    *   **Points 7-9 (Approach):** Aligning above the blue pad and lowering.\n    *   **Point 10 (End):** Placing the dryer on the blue pad.\n\n```json\n[\n  [572, 523, 1.5],\n  [572, 490, 1.5],\n  [572, 460, 1.5],\n  [493, 460, 1.5],\n  [414, 460, 1.5],\n  [335, 465, 1.55],\n  [255, 475, 1.65],\n  [255, 495, 1.75],\n  [255, 515, 1.8],\n  [255, 535, 1.8]\n]\n```"}
{"question_id": 12, "image_path": "12/image.png", "gt_depth_path": "12/gt_depth.png", "mask_path": "12/mask.png", "gt_depth_intrinsics": [[421.4407653808594, 0.0, 190.54774475097656], [0.0, 421.86688232421875, 255.82501220703125], [0.0, 0.0, 1.0]], "prompt": "pick up the bule bag, and move it to the left of the yellow towel.", "target_object": "the bule bag", "destination|direction": "the left of the yellow towel", "trajectory": [[0.2806104083478285, 0.12732442609211087, 1.327], [0.24959972460803292, 0.09457025446236161, 1.2209999999999999], [0.18609763239375943, 0.0816756951486479, 1.138], [0.10234943345548597, 0.09593960155772673, 1.0619999999999998], [0.018861911613161433, 0.12068794552904448, 0.9919999999999998], [-0.07806955738078496, 0.1914153806778979, 0.9689999999999999], [-0.08328693270873211, 0.3135059734222317, 0.976]], "bbox_center": [-0.08328693270873211, 0.23350597342223164, 0.956], "bbox_extent": [0.2, 0.2, 0.25], "bbox_rotation": [[0.984807753012208, 0.0, -0.17364817766693033], [-0.044943455527547777, 0.9659258262890683, -0.25488700224417876], [0.16773125949652062, 0.25881904510252074, 0.9512512425641977]], "model_prediction": "Based on the image provided, the blue bag is located on the counter to the right of the black radio, and the yellow towel is in the center foreground. The task is to move the blue bag to the left of the yellow towel.\n\nHere is the planned trajectory:\n1.  **Start**: Pick up the blue bag from its current position (approx. x=726, y=597).\n2.  **Lift & Retract**: Lift the bag and move it slightly back/up in the image to clear the radio and towel (approx. x=726, y=520).\n3.  **Traverse Left**: Move horizontally to the left, staying behind/above the obstacles (approx. x=550, y=490).\n4.  **Approach**: Move forward and down towards the empty space to the left of the towel (approx. x=400, y=600).\n5.  **Place**: Lower the bag onto the counter to the left of the yellow towel (approx. x=380, y=720).\n\nHere are the key trajectory points in JSON format (coordinates are estimated on a 1000x1000 scale):\n\n```json\n[\n  [726, 597, 0.75],\n  [726, 520, 0.70],\n  [600, 490, 0.70],\n  [480, 500, 0.70],\n  [400, 580, 0.66],\n  [380, 720, 0.62]\n]\n```"}
{"question_id": 13, "image_path": "13/image.png", "gt_depth_path": "13/gt_depth.png", "mask_path": "13/mask.png", "gt_depth_intrinsics": [[425.2408142089844, 0.0, 191.00042724609375], [0.0, 424.5851135253906, 255.3392333984375], [0.0, 0.0, 1.0]], "prompt": "pick up the pink paper card which is on the left of the brown box, and move it to the front of the table lamp", "target_object": "the pink paper card which is on the left of the brown box", "destination|direction": "the front of the table lamp", "trajectory": [[-0.48644589825201723, -0.25556000562072134, 1.501], [-0.53045831137013, -0.2971977660867093, 1.2369999999999997], [-0.4598606687631255, -0.2506599804999782, 1.1139999999999997], [-0.27417145988985026, -0.1212677436361682, 0.8580000000000001], [0.08350691901008812, 0.0670843268485399, 0.798], [0.07178905851758084, 0.13513504889919753, 0.818]], "bbox_center": [0.07178905851758084, 0.09513504889919752, 0.818], "bbox_extent": [0.2, 0.10000000000000002, 0.15000000000000002], "bbox_rotation": [[0.573576436351046, 0.0, 0.8191520442889918], [0.34618861305875415, 0.9063077870366499, -0.242403876506104], [-0.7424038765061041, 0.42261826174069944, 0.5198367907256845]], "model_prediction": "Based on the task instruction and the image, the robot needs to move the pink paper card from the left side of the dresser to the area in front of the table lamp.\n\n1.  **Start Point**: The pink paper card is located on the left side of the dresser surface. Its coordinates are approximately **(135, 365)**.\n2.  **Target Point**: The target is \"front of the table lamp\". The table lamp is in the center-right of the image. The base of the lamp is around (540, 480). \"Front\" in this perspective (looking down and from the side) corresponds to an area closer to the bottom edge of the image relative to the lamp base. A suitable target coordinate is approximately **(540, 550)**.\n3.  **Trajectory**: The path involves lifting the card, moving it diagonally across the dresser surface (increasing x and y coordinates), and placing it down in front of the lamp.\n\nHere is the predicted trajectory:\n\n```json\n[\n  [135, 365, 0.65],\n  [135, 345, 0.60],\n  [202, 379, 0.59],\n  [270, 413, 0.58],\n  [337, 447, 0.58],\n  [405, 481, 0.58],\n  [472, 515, 0.59],\n  [540, 550, 0.65]\n]\n```"}
{"question_id": 14, "image_path": "14/image.png", "gt_depth_path": "14/gt_depth.png", "mask_path": "14/mask.png", "gt_depth_intrinsics": [[419.4564208984375, 0.0, 191.01564025878906], [0.0, 418.8007507324219, 255.306884765625], [0.0, 0.0, 1.0]], "prompt": "pick up the bule clock on the wooden stand, and move it to the front of the leftmost pillow.", "target_object": "the bule clock on the wooden stand", "destination|direction": "the front of the leftmost pillow", "trajectory": [[-0.36500384448663586, -0.24351865995718364, 2.241], [-0.28781533895710565, -0.4523926771643158, 2.1670000000000105], [-0.18729482981426795, -0.5099364509737954, 2.15300000000001], [-0.0521220478178283, -0.4592305831346377, 2.1650000000000054], [0.11750318798132929, -0.3604933387926762, 2.2280000000000038], [0.12516619333435577, -0.2615845198040728, 2.2589999999999986]], "bbox_center": [0.12516619333435577, -0.3415845198040729, 2.2189999999999985], "bbox_extent": [0.35, 0.2, 0.3], "bbox_rotation": [[1.0, 0.0, 0.0], [0.0, 0.9063077870366499, -0.42261826174069944], [0.0, 0.42261826174069944, 0.9063077870366499]], "model_prediction": "Based on the image provided, here is the predicted 3D trajectory to move the blue clock from the wooden stand to the front of the leftmost pillow.\n\n**Task Analysis:**\n1.  **Start Position:** The blue clock is located on the wooden nightstand on the left side of the image. Its approximate center is at `(326, 413)`.\n2.  **Target Position:** The \"leftmost pillow\" is the square pillow with the leaf pattern against the headboard. The instruction is to move the clock to the \"front\" of this pillow, which implies a position on the bed sheet closer to the camera than the pillow itself. A suitable target coordinate is roughly `(558, 430)`.\n3.  **Trajectory:** The robot needs to lift the clock vertically to avoid dragging it, move it horizontally to the right across the gap between the nightstand and the bed, and then lower it onto the bed surface in front of the pillow.\n4.  **Depth:** The nightstand is in the foreground/mid-ground. The bed extends from the foreground to the background. The target position on the bed is roughly at a similar or slightly further depth than the nightstand. We estimate the depth starting at 1.20m and ending around 1.35m.\n\n**Key Trajectory Points:**\n\n```json\n[\n    [326, 413, 1.20],\n    [326, 370, 1.20],\n    [360, 350, 1.22],\n    [410, 340, 1.25],\n    [460, 340, 1.28],\n    [510, 350, 1.30],\n    [540, 370, 1.32],\n    [558, 400, 1.34],\n    [558, 420, 1.35],\n    [558, 430, 1.35]\n]\n```"}
{"question_id": 15, "image_path": "15/image.png", "gt_depth_path": "15/gt_depth.png", "mask_path": "15/mask.png", "gt_depth_intrinsics": [[420.6614990234375, 0.0, 191.02439880371094], [0.0, 420.0058288574219, 255.30030822753906], [0.0, 0.0, 1.0]], "prompt": "pick up the napkin in the box on the left, and move it to the right of round porcelain.", "target_object": "the napkin in the box on the left", "destination|direction": "the right of round porcelain", "trajectory": [[-0.05859588583654545, 0.07743674378763375, 1.016], [-0.04919372763931204, 0.05041579648574621, 0.9009999999999999], [0.01909150369305921, 0.048858253520680586, 0.8749999999999996], [0.1419894809911844, 0.0821728048774551, 0.8709999999999998], [0.25227178125795297, 0.1378171196296438, 0.8939999999999999], [0.3596439906063709, 0.20087402900045206, 0.9629999999999999], [0.3655061384976287, 0.2672601660452914, 1.023]], "bbox_center": [0.40550613849762873, 0.22726016604529142, 1.023], "bbox_extent": [0.2, 0.10500000000000001, 0.2], "bbox_rotation": [[0.9659258262890683, 0.0, -0.25881904510252074], [-0.08852132690137686, 0.9396926207859084, -0.33036608954935215], [0.24321034680169396, 0.3420201433256687, 0.9076733711903687]], "model_prediction": "Based on the image provided, the task is to move the napkin from the tissue box on the left to the empty space on the right of the round porcelain jar.\n\n**Analysis:**\n1.  **Start Position (Napkin Box):** The tissue box is located on the left side of the vanity table. The tissues are sticking out from the top. Approximate coordinates: `(305, 582)`. The depth is estimated around `0.75m` as it is slightly further back on the table.\n2.  **Obstacles:** There are several tall bottles (hairspray, etc.) in the center of the table, between the tissue box and the destination. The robot must lift the napkin high enough to clear these items.\n3.  **Target Position (Right of Porcelain):** The round white porcelain jar is on the right side. The target location is the table surface to the immediate right of this jar. Approximate coordinates: `(860, 710)`. This is closer to the camera (lower in the image) than the start point, so the depth is estimated around `0.66m`.\n4.  **Trajectory:**\n    *   **Lift:** Vertical movement up from the box to clear obstacles.\n    *   **Traverse:** Horizontal movement to the right, maintaining height over the bottles.\n    *   **Descent:** Lowering the napkin towards the target spot once clear of the obstacles.\n    *   **Place:** Final placement on the table surface.\n\n**Predicted Trajectory Points:**\n\n```json\n[\n  [305, 582, 0.75],\n  [305, 480, 0.74],\n  [420, 430, 0.73],\n  [580, 440, 0.72],\n  [720, 520, 0.70],\n  [810, 620, 0.68],\n  [860, 710, 0.66]\n]\n```"}
