{"question_id": 0, "image_path": "0/image.png", "gt_depth_path": "0/gt_depth.png", "mask_path": "0/mask.png", "gt_depth_intrinsics": [[421.6617431640625, 0.0, 253.9289093017578], [0.0, 421.6598815917969, 192.12013244628906], [0.0, 0.0, 1.0]], "prompt": "pick up the pale blue pillow on the sofa which is the second pale blue pillow from the right, and move it to the top of the wooden stool on the left", "target_object": "the pale blue pillow on the sofa which is the second pale blue pillow from the right", "destination|direction": "the top of the wooden stool on the left", "trajectory": [[0.3656957605957062, -0.0154727397889737, 1.7449999999999999], [0.14433472312971857, -0.37824608573193913, 1.5129999999999997], [-0.11851453212170616, -0.48057865461779503, 1.4950000000000097], [-0.36499838626470044, -0.5378791809423078, 1.5380000000000063], [-0.8448668727001182, -0.5268276503622253, 1.6430000000000073], [-1.1398665165449666, -0.4493887684410257, 1.927000000000013], [-1.1630277570143241, -0.203180558069577, 2.150000000000001]], "bbox_center": [-1.103027757014324, -0.303180558069577, 2.0300000000000007], "bbox_extent": [0.35, 0.35, 0.3], "bbox_rotation": [[0.8067072841115988, -0.14224425972292404, -0.573576436351046], [-0.18174757236644734, 0.8638357856381216, -0.46984631039295416], [0.5623087921242128, 0.483274565880356, 0.6710100716628343]], "model_prediction": "```json\n[[722, 632], [649, 608], [576, 584], [503, 560], [430, 536], [357, 512], [284, 488], [211, 464], [138, 440], [66, 418]]\n```"}
{"question_id": 1, "image_path": "1/image.png", "gt_depth_path": "1/gt_depth.png", "mask_path": "1/mask.png", "gt_depth_intrinsics": [[420.1812744140625, 0.0, 255.94032287597656], [0.0, 420.2139892578125, 191.5743865966797], [0.0, 0.0, 1.0]], "prompt": "pick up the paper towel on the white table, and move it to the top of the highest brown wooden shelf on the right.", "target_object": "the paper towel on the white table", "destination|direction": "the top of the highest brown wooden shelf on the right", "trajectory": [[0.09463477546573701, 0.6270848318306481, 2.4560000000000004], [0.06829668097468862, 0.2766739767946308, 2.3880000000000075], [0.09522964723826123, 0.06100828246513388, 2.362000000000007], [0.21668317354831687, -0.10164022055296998, 2.370000000000006], [0.3871591489632133, -0.06671053221552564, 2.401000000000005], [0.39821830918400697, 0.05237260722410254, 2.4620000000000033]], "bbox_center": [0.39821830918400697, -0.04762739277589746, 2.5020000000000033], "bbox_extent": [0.2, 0.2, 0.25], "bbox_rotation": [[0.9659258262890683, 0.0, -0.25881904510252074], [-0.044943455527547777, 0.984807753012208, -0.16773125949652062], [0.25488700224417876, 0.17364817766693033, 0.9512512425641977]], "model_prediction": "Based on the visual information, the task is to move the paper towel (toilet roll) located on the small white cabinet to the highest brown wooden shelf on the right wall (the one holding the bottles).\n\n1.  **Start Point:** The paper towel is on the white cabinet next to the toilet. Its position is approximately `[535, 785]`.\n2.  **End Point:** The target is the highest shelf on the right. A suitable landing spot on this shelf, to the left of the existing bottles, is approximately `[600, 520]`.\n3.  **Trajectory:** The robot needs to lift the object and move it diagonally upwards and to the right.\n\nHere is the predicted trajectory with 10 key points:\n\n```json\n[[535, 785], [542, 756], [549, 726], [557, 697], [564, 667], [571, 638], [578, 608], [586, 579], [593, 549], [600, 520]]\n```"}
{"question_id": 2, "image_path": "2/image.png", "gt_depth_path": "2/gt_depth.png", "mask_path": "2/mask.png", "gt_depth_intrinsics": [[418.49224853515625, 0.0, 253.98204040527344], [0.0, 418.10504150390625, 191.89065551757812], [0.0, 0.0, 1.0]], "prompt": "pick up the bottle on the glass table, and move it to the spot which is on the wooden table and on the right of the black object on the wooden table.", "target_object": "the bottle on the glass table", "destination|direction": "the spot which is on the wooden table and on the right of the black object on the wooden table.", "trajectory": [[1.259695493903153, 0.16529815949326104, 3.2540000000000004], [1.2884984890784434, -0.08654627857183828, 3.3090000000000153], [1.3204028708494058, -0.2787636274561752, 3.500000000000014], [1.3939678475863404, -0.4811484594757576, 3.778000000000012], [1.5802428988983874, -0.6194546667244742, 4.1400000000000325], [1.8421370136658581, -0.6879645462424411, 4.535000000000024], [1.8691418256150263, -0.5192117352066712, 4.634999999999999]], "bbox_center": [1.8691418256150263, -0.6192117352066713, 4.555000000000001], "bbox_extent": [0.2, 0.31, 0.3], "bbox_rotation": [[1.0, 0.0, 0.0], [0.0, 0.2588190451025212, 0.9659258262890682], [0.0, -0.9659258262890682, 0.2588190451025212]], "model_prediction": "Based on the visual information, the task is to move the bottle from the glass coffee table in the foreground to the wooden dining table in the background, placing it to the right of the black object (likely a laptop or folder) located there.\n\n1.  **Start Point:** The bottle is located on the glass table in the lower right area of the image. Approximate coordinates: `[812, 565]`.\n2.  **End Point:** The destination is on the wooden dining table in the upper right, to the right of the black object. The table surface is roughly at `y=375`. The black object is around `x=780`, so a spot to its right would be around `x=860`. Approximate coordinates: `[860, 375]`.\n3.  **Trajectory:** The path involves lifting the object and moving it \"up\" and \"right\" in the 2D image plane to reach the background table, passing visually over the chair.\n\nHere is the predicted trajectory:\n\n```json\n[[812, 565], [812, 540], [815, 515], [820, 490], [828, 465], [836, 440], [844, 415], [852, 390], [860, 375]]\n```"}
{"question_id": 3, "image_path": "3/image.png", "gt_depth_path": "3/gt_depth.png", "mask_path": "3/mask.png", "gt_depth_intrinsics": [[421.31158447265625, 0.0, 253.70516967773438], [0.0, 421.43023681640625, 191.67669677734375], [0.0, 0.0, 1.0]], "prompt": "pick up the sponge wipe in the white cup, and move it to the sink.", "target_object": "the sponge wipe in the white cup", "destination|direction": "the sink", "trajectory": [[0.07442790639524516, -0.33625460609296864, 1.704], [0.08441436907420775, -0.43869088693476466, 1.6599999999999997], [0.15416865318830747, -0.4923053523006674, 1.5539999999999996], [0.2059521665870609, -0.46815797557407524, 1.5079999999999996], [0.24687229610320138, -0.39184330688328384, 1.5049999999999997], [0.2908398951927841, -0.2753192529508467, 1.5149999999999997], [0.3351070824621249, -0.1462579998618334, 1.5509999999999997], [0.3560527618699104, -0.0604826416391239, 1.5779999999999998]], "bbox_center": [0.3560527618699104, -0.0604826416391239, 1.5779999999999998], "bbox_extent": [0.44999999999999996, 0.25000000000000006, 0.4], "bbox_rotation": [[0.984807753012208, 0.0, 0.1736481776669303], [0.07338689100003824, 0.9063077870366499, -0.41619774072678345], [-0.15737869562426263, 0.4226182617406995, 0.8925389352890299]], "model_prediction": "```json\n[[515, 315], [533, 329], [551, 343], [569, 357], [587, 371], [605, 385], [623, 399], [641, 413], [660, 427], [680, 440]]\n```"}
{"question_id": 4, "image_path": "4/image.png", "gt_depth_path": "4/gt_depth.png", "mask_path": "4/mask.png", "gt_depth_intrinsics": [[422.8226318359375, 0.0, 254.60523986816406], [0.0, 422.92877197265625, 191.09210205078125], [0.0, 0.0, 1.0]], "prompt": "pick up the orange object at right which is on the window sill, and move it to a spot which is on the sink's edge and beside the right wall.", "target_object": "the orange object at right which is on the window sill", "destination|direction": "a spot is on the sink's edge and beside the right wall", "trajectory": [[0.8754062065952549, 0.016590873490911373, 2.413], [0.805186582482693, -0.04706837738201671, 2.360000000000002], [0.7908861098103421, -0.014751337263043056, 2.2850000000000033], [0.7990381163852724, 0.03297484870328963, 2.1550000000000065], [0.84024324358364, 0.15033247177009387, 1.985000000000007], [0.9892861201459223, 0.2908389843655857, 1.8050000000000033], [0.9803187735780421, 0.4113797597580695, 1.819]], "bbox_center": [0.9803187735780421, 0.35137975975806945, 1.819], "bbox_extent": [0.15000000000000002, 0.16000000000000003, 0.15000000000000002], "bbox_rotation": [[0.9361168066628592, -0.08189960831908936, -0.34202014332566866], [0.05712850152652285, 0.9950019037522059, -0.08189960831908934], [0.34701823957346284, 0.05712850152652281, 0.9361168066628592]], "model_prediction": "Based on the task instruction and the image, the robot needs to move the small orange jar located on the window sill to the edge of the sink, specifically the area next to the right wall.\n\n1.  **Identify Start Point:** The \"orange object at right which is on the window sill\" is the small orange jar sitting to the left of the blue bottle. Its approximate center coordinates are [796, 516].\n2.  **Identify Target Point:** The target is \"a spot is on the sink's edge and beside the right wall\". The sink is in the bottom right corner of the image. The area beside the right wall corresponds to the far right side of the sink's surface. Approximate coordinates for this placement are [990, 760].\n3.  **Trajectory Planning:** The path involves moving the object from the window sill (mid-right, mid-height) downwards and to the right towards the sink corner (bottom-right). The trajectory should be a smooth path connecting these two points.\n\nHere is the predicted trajectory:\n\n```json\n[[796, 516], [818, 535], [845, 565], [875, 600], [908, 640], [940, 685], [970, 730], [990, 760]]\n```"}
{"question_id": 5, "image_path": "5/image.png", "gt_depth_path": "5/gt_depth.png", "mask_path": "5/mask.png", "gt_depth_intrinsics": [[419.87890625, 0.0, 190.77684020996094], [0.0, 419.601318359375, 256.0598449707031], [0.0, 0.0, 1.0]], "prompt": "pick up the brown toy dog next to the door, and move it to the spot which is on the wooden table, between the glass jars filled with colorful candies and white remote control.", "target_object": "the brown toy dog next to the door", "destination|direction": "the spot which is on the wooden table, between the glass jars filled with colorful candies and white remote control", "trajectory": [[0.22151146011161607, 0.4335061260427291, 1.164], [0.045756383574714635, 0.4071500004072877, 1.0539999999999998], [-0.04146540968727035, 0.2836099729037342, 0.9459999999999995], [-0.12762148990245503, -0.035782593049228865, 0.8199999999999994], [-0.18334950989170967, -0.39540557588438147, 0.7059999999999993], [-0.11280738864848935, -0.6497262103280004, 1.0199999999999998], [-0.09999291791631006, -0.5475221264110336, 1.129]], "bbox_center": [-0.09999291791631004, -0.6075221264110336, 1.049], "bbox_extent": [0.2, 0.2, 0.2], "bbox_rotation": [[0.6427876096865394, 0.0, 0.766044443118978], [0.5868240888334652, 0.6427876096865394, -0.49240387650610407], [-0.49240387650610407, 0.766044443118978, 0.41317591116653485]], "model_prediction": "Based on the image provided, the brown toy dog is located on the floor in the bottom right area, and the target location is on the wooden table surface between the jar of candies (top left) and the white remote control (top right).\n\n**Key Points Estimation:**\n1.  **Start Point:** The center of the brown toy dog is approximately at `[715, 800]`.\n2.  **End Point:** The target spot on the table, between the jar (approx `[315, 70]`) and the remote (approx `[483, 138]`), is roughly at `[400, 100]`.\n3.  **Trajectory:** The robot needs to lift the object and move it diagonally across the image frame from bottom-right to top-left. A linear interpolation with a slight curve is a reasonable approximation for the 2D projection of this movement.\n\n**Trajectory Points:**\n1.  `[715, 800]` (Start: Toy dog)\n2.  `[680, 722]`\n3.  `[645, 644]`\n4.  `[610, 567]`\n5.  `[575, 489]`\n6.  `[540, 411]`\n7.  `[505, 333]`\n8.  `[470, 256]`\n9.  `[435, 178]`\n10. `[400, 100]` (End: Spot between jar and remote)\n\n```json\n[[715, 800], [680, 722], [645, 644], [610, 567], [575, 489], [540, 411], [505, 333], [470, 256], [435, 178], [400, 100]]\n```"}
{"question_id": 6, "image_path": "6/image.png", "gt_depth_path": "6/gt_depth.png", "mask_path": "6/mask.png", "gt_depth_intrinsics": [[420.6019287109375, 0.0, 190.76690673828125], [0.0, 420.3243713378906, 255.79473876953125], [0.0, 0.0, 1.0]], "prompt": "pick up the white remote control, and move it to the spot which is between the black glass bottle and the brown glass bottle on the wooden table.", "target_object": "the white remote control", "destination|direction": "the spot which is between the black glass bottle and the brown glass bottle on the wooden table", "trajectory": [[0.041081540621278737, 0.5204770459477467, 1.184], [-0.0804093038570385, 0.3798687338132077, 1.2229999999999999], [-0.21068545881074563, 0.33260871872156833, 1.3179999999999996], [-0.5350003018367637, 0.24605313627802516, 1.5800000000000005], [-0.7353724056186912, 0.13772541086889883, 2.05600000000001], [-0.6783273669298934, 0.19866865865269112, 2.396000000000006], [-0.6854517165659916, 0.24919926343855442, 2.4069999999999996]], "bbox_center": [-0.6454517165659915, 0.22919926343855443, 2.4069999999999996], "bbox_extent": [0.11000000000000003, 0.11000000000000003, 0.21000000000000002], "bbox_rotation": [[-0.4226182617406985, 1.1730013120289609e-17, -0.9063077870366504], [-0.15737869562426268, 0.984807753012208, 0.07338689100003806], [0.8925389352890304, 0.17364817766693028, -0.4161977407267825]], "model_prediction": "To generate the trajectory for moving the white remote control to the target spot, we first identify the start and end points in the image coordinates.\n\n1.  **Start Point (White Remote Control):** The remote is located on the blue mat in the bottom right foreground. Its center is approximately at `[560, 850]`.\n2.  **End Point (Target Spot):** The instruction specifies the spot \"between the black glass bottle and the brown glass bottle\". These bottles (or jars) are located on the blue mat on the left side of the counter. The \"black\" bottle is the leftmost jar with dark contents (approx `[200, 530]`), and the \"brown\" bottle is the one immediately to its right (approx `[250, 550]`). The target spot between them is roughly at `[225, 540]`.\n\n**Trajectory Planning:**\nWe plan a path from the start to the end point. A linear interpolation in the 2D image plane works well here. We must ensure the path avoids obstacles like the candy jar (center approx `[440, 700]`) and the fruit bowl (center approx `[320, 600]`).\n*   A straight line from `[560, 850]` to `[225, 540]` passes through `x=440` at `y≈739`. Since the candy jar is at `y=700` (further back), the path passes safely \"in front\" of it (lower in the image).\n*   The line passes through `x=320` at `y≈628`. Since the fruit bowl is at `y=600` (further back), the path also passes safely \"in front\" of the fruit bowl.\n\nThus, a direct linear path is collision-free and efficient.\n\n**Key Trajectory Points:**\nWe generate 10 equidistant points along this line.\n\n```json\n[[560, 850], [523, 816], [486, 781], [448, 747], [411, 712], [374, 678], [337, 643], [299, 609], [262, 574], [225, 540]]\n```"}
{"question_id": 7, "image_path": "7/image.png", "gt_depth_path": "7/gt_depth.png", "mask_path": "7/mask.png", "gt_depth_intrinsics": [[421.9646911621094, 0.0, 254.96099853515625], [0.0, 422.0835876464844, 190.86778259277344], [0.0, 0.0, 1.0]], "prompt": "pick up the picture frame on the wooden table, and move it to the chair which is on the right of the wooden table.", "target_object": "the picture frame on the wooden table", "destination|direction": "the chair which is on the right of the wooden table", "trajectory": [[-0.4635315198830341, -0.3596069804534578, 1.617], [-0.37012583696217943, -0.4428648452172266, 1.4869999999999999], [-0.2568762608991043, -0.4293412017423387, 1.3899999999999997], [-0.17428335223002, -0.21868504558835378, 1.3749999999999998], [-0.12932198804088163, -0.005494350847219293, 1.3899999999999997], [-0.09891860548455444, 0.34591132874479397, 1.4829999999999997], [-0.10423301194863158, 0.537144737718294, 1.533]], "bbox_center": [-0.10423301194863158, 0.41714473771829386, 1.533], "bbox_extent": [0.35, 0.25, 0.3], "bbox_rotation": [[0.9622501868990583, 0.08418598282936919, 0.25881904510252074], [0.006284868208108488, 0.9438319486579569, -0.3303660895493521], [-0.27209387763111137, 0.31952147500219286, 0.9076733711903687]], "model_prediction": "Based on the image provided, the task is to move the picture frame from the wooden chest of drawers (table) on the left to the chair on the right.\n\n**Trajectory Planning:**\n1.  **Start Point:** The center of the orange picture frame on the wooden table. Approximate coordinates: `[222, 294]`.\n2.  **End Point:** The center of the beige cushion on the wooden chair. Approximate coordinates: `[444, 735]`.\n3.  **Path Strategy:** The robot needs to move the frame to the right to clear the edge of the chest of drawers before lowering it onto the chair seat. The path will be a curve that goes right and then down.\n\n**Key Trajectory Points:**\n1.  **[222, 294]**: Starting position at the picture frame.\n2.  **[260, 294]**: Moving horizontally to the right to begin clearing the table surface.\n3.  **[300, 300]**: Approaching the edge of the table.\n4.  **[340, 330]**: Clearing the table edge and starting to lower the object.\n5.  **[370, 400]**: Continuing the descent towards the chair.\n6.  **[395, 500]**: Moving diagonally down-right.\n7.  **[415, 600]**: Approaching the height of the chair back/seat area.\n8.  **[430, 680]**: Positioning over the seat cushion.\n9.  **[440, 720]**: Lowering just above the target.\n10. **[444, 735]**: Final placement on the chair seat.\n\n```json\n[[222, 294], [260, 294], [300, 300], [340, 330], [370, 400], [395, 500], [415, 600], [430, 680], [440, 720], [444, 735]]\n```"}
{"question_id": 8, "image_path": "8/image.png", "gt_depth_path": "8/gt_depth.png", "mask_path": "8/mask.png", "gt_depth_intrinsics": [[421.9646911621094, 0.0, 255.0101318359375], [0.0, 422.0835876464844, 190.86993408203125], [0.0, 0.0, 1.0]], "prompt": "pick up the closest white toy bear on the left of the wooden chair, and move it to the spot on the window sill to the right of the gray toy.", "target_object": "the closest white toy bear on the left of the wooden chair", "destination|direction": "the spot on the window sill to the right of the gray toy.", "trajectory": [[-0.7972634886145082, 0.2635278274955923, 1.672], [-0.6371596815462915, 0.1505575014089894, 1.5249999999999997], [-0.4072559445008035, 0.09669924469491538, 1.4059999999999997], [-0.13676274582537723, 0.07261813100944374, 1.3319999999999996], [0.2520218162530406, 0.06728860535173761, 1.4039999999999997], [0.516950588702243, -0.005862946524920589, 1.7990000000000002], [0.5058543835334777, 0.1234796685811088, 1.8559999999999999]], "bbox_center": [0.5258543835334777, 0.043479668581108785, 1.8359999999999999], "bbox_extent": [0.15000000000000002, 0.2, 0.15500000000000003], "bbox_rotation": [[1.0, 0.0, 0.0], [0.0, 0.9659258262890683, -0.25881904510252074], [0.0, 0.25881904510252074, 0.9659258262890683]], "model_prediction": "Based on the task instruction and the image provided, here is the predicted 2D trajectory for the robot to move the white toy bear from the cabinet on the left to the window sill on the right.\n\n1.  **Start Point**: The white toy bear is located on the wooden cabinet on the far left side of the image.\n    *   Coordinates: `[112, 685]`\n2.  **Lift & Traverse**: The robot lifts the bear to clear the cabinet and the back of the wooden chair, moving diagonally upwards and to the right.\n    *   Key points: `[120, 600]`, `[200, 530]`, `[320, 490]`\n3.  **Mid-Trajectory**: The path peaks in height (lowest y-value) as it crosses over the chair to ensure clearance, moving towards the window.\n    *   Key points: `[450, 480]`, `[570, 490]`\n4.  **Approach & Place**: The robot lowers the bear towards the window sill, aiming for the empty spot to the right of the gray toy sitting near the curtain.\n    *   Key points: `[650, 515]`, `[700, 540]`\n5.  **Target Point**: The final destination on the window sill.\n    *   Coordinates: `[730, 560]`\n\n```json\n[[112, 685], [120, 600], [200, 530], [320, 490], [450, 480], [570, 490], [650, 515], [700, 540], [730, 560]]\n```"}
{"question_id": 9, "image_path": "9/image.png", "gt_depth_path": "9/gt_depth.png", "mask_path": "9/mask.png", "gt_depth_intrinsics": [[421.9646911621094, 0.0, 254.978759765625], [0.0, 422.0835876464844, 190.8806915283203], [0.0, 0.0, 1.0]], "prompt": "pick up the gray toy on the left, and move it to a spot on the same line so that the spacing between it and the second toy matches the spacing between the second and third toys.", "target_object": "the gray toy on the left", "destination|direction": "a spot on the same line so that the spacing between it and the second toy matches the spacing between the second and third toys", "trajectory": [[-0.5892437647985573, -0.09838933278431854, 1.729], [-0.454536253757972, -0.1330659468137675, 1.723], [-0.38806297749632074, -0.1380804619171583, 1.7389999999999999], [-0.24001789116159405, -0.13732939479069772, 1.8399999999999999], [-0.2412561403503697, -0.05435325137636303, 1.881]], "bbox_center": [-0.2412561403503697, -0.15435325137636302, 1.821], "bbox_extent": [0.25, 0.25, 0.2], "bbox_rotation": [[0.9396926207859084, 0.0, -0.3420201433256687], [-0.144543958452599, 0.9063077870366499, -0.39713126196710286], [0.30997551921944466, 0.42261826174069944, 0.8516507396391465]], "model_prediction": "Based on the task instruction and the image, here is the predicted trajectory.\n\n**1. Analysis of Key Positions:**\n*   **Toy 2 (Middle, Raccoon):** The center is approximately at `[624, 388]`.\n*   **Toy 3 (Right, Small Bear):** The center is approximately at `[828, 344]`.\n*   **Spacing Vector:** The vector from Toy 2 to Toy 3 is `[828 - 624, 344 - 388] = [204, -44]`.\n*   **Target Position for Toy 1:** To match the spacing, Toy 1 should be placed to the left of Toy 2 by the same vector.\n    *   Target X = `624 - 204 = 420`\n    *   Target Y = `388 - (-44) = 432`\n    *   Target Point: `[420, 432]`\n*   **Start Position of Toy 1 (Left, Gray Dog):** The center of the gray toy is approximately at `[220, 450]`.\n\n**2. Trajectory Generation:**\nThe robot needs to move the gray toy from its current position `[220, 450]` to the target position `[420, 432]`. The path is a linear interpolation between these two points, following the line of the window sill.\n\n**Predicted Trajectory Points:**\n```json\n[[220, 450], [245, 448], [270, 446], [295, 443], [320, 441], [345, 439], [370, 437], [395, 434], [420, 432]]\n```"}
{"question_id": 10, "image_path": "10/image.png", "gt_depth_path": "10/gt_depth.png", "mask_path": "10/mask.png", "gt_depth_intrinsics": [[420.7596130371094, 0.0, 254.92266845703125], [0.0, 420.8785095214844, 190.93508911132812], [0.0, 0.0, 1.0]], "prompt": "pick up the toy bear on the window sill, and move it to the right of the orange fabric.", "target_object": "the toy bear on the window sill", "destination|direction": "the right of the orange fabric", "trajectory": [[-0.7348099996148671, -0.5211571249711867, 1.718], [-0.7328826474161182, -0.5463850741338028, 1.571], [-0.6938661342114656, -0.4737425457426312, 1.4569999999999999], [-0.6511660729746206, -0.3415841739026651, 1.3719999999999999], [-0.6258912644549022, -0.19113674538099856, 1.38], [-0.5966844241187153, -0.03655338162399945, 1.42], [-0.5877918266400369, 0.09114470145664522, 1.493]], "bbox_center": [-0.607791826640037, 0.011144701456645204, 1.393], "bbox_extent": [0.2, 0.25, 0.25], "bbox_rotation": [[0.9063077870366499, 0.0, -0.4226182617406995], [-0.1786061951567304, 0.9063077870366499, -0.38302222155948906], [0.38302222155948906, 0.4226182617406995, 0.8213938048432696]], "model_prediction": "Based on the image provided, the task is to move the toy bear from the window sill (upper left) to the area on the bench to the right of the orange fabric (lower left/center).\n\n**Analysis:**\n1.  **Start Position (Toy Bear):** The bear is located on the window sill. Its approximate coordinates are [151, 198].\n2.  **Reference Object (Orange Fabric):** The orange fabric is located on the white bench in the lower left area of the image. Its position is roughly x=30 to x=130, y=300 to y=400.\n3.  **Target Position:** The instruction is to move the bear \"to the right of the orange fabric\". This corresponds to the patterned cushion area on the bench. A suitable target coordinate would be around x=195, y=350, which is to the right of the orange item and on the bench surface.\n4.  **Trajectory:** The robot needs to move the bear from the window sill downwards and slightly to the right to place it on the bench. The path should be a relatively direct descent with a slight horizontal shift.\n\n**Predicted Trajectory Points:**\nThe trajectory consists of 10 points interpolating from the start position [151, 198] to the target position [195, 350].\n\n```json\n[[151, 198], [155, 214], [160, 231], [165, 248], [170, 265], [175, 282], [180, 299], [185, 316], [190, 333], [195, 350]]\n```"}
{"question_id": 11, "image_path": "11/image.png", "gt_depth_path": "11/gt_depth.png", "mask_path": "11/mask.png", "gt_depth_intrinsics": [[421.0006408691406, 0.0, 255.01205444335938], [0.0, 421.1195068359375, 190.88800048828125], [0.0, 0.0, 1.0]], "prompt": "pick up the red hair drier, and move it on the blue pad which is on the wooden table.", "target_object": "the red hair drier", "destination|direction": "the blue pad which is on the wooden table", "trajectory": [[0.16831005145284833, 0.08571826514553985, 1.672], [0.16459723708330976, -0.09638190468985104, 1.6], [0.08209492438357306, -0.18088433293881884, 1.5569999999999997], [-0.00920204795108845, -0.20529667146982827, 1.5509999999999997], [-0.1390210274491787, -0.2133937175109012, 1.5539999999999996], [-0.36924046046243564, -0.19248908143083765, 1.6690000000000036], [-0.5658146017183039, -0.07719897698743487, 1.940000000000007], [-0.5731080498217188, 0.059306070100651885, 2.0420000000000003]], "bbox_center": [-0.5731080498217188, -0.020693929899348113, 1.9820000000000002], "bbox_extent": [0.2, 0.2, 0.2], "bbox_rotation": [[0.8067072841115988, 0.14224425972292404, -0.573576436351046], [-0.26909741914733987, 0.9525508645653092, -0.14224425972292404], [0.5261273009163553, 0.26909741914733987, 0.8067072841115988]], "model_prediction": "Based on the task instruction and the image, the robot needs to move the red hair drier (located on the stand to the right) to the blue pad (located on the white vanity table to the left).\n\n**Trajectory Planning:**\n1.  **Start Point:** The red hair drier is currently resting in its holder on the stand. The center of the red body is approximately at pixel coordinates **[572, 515]**.\n2.  **End Point:** The destination is the blue pad on the table. The center of the blue pad is approximately at pixel coordinates **[258, 532]**.\n3.  **Path:** The robot should lift the hair drier slightly to avoid any obstacles (like the edge of the table or items on it) and move it in an arc towards the left.\n\n**Key Trajectory Points:**\nI will generate 10 points representing a smooth arc from the start to the end position, lifting up in the middle (lower y-value in image coordinates) to simulate a safe transfer.\n\n1.  **Start:** [572, 515] (Red hair drier location)\n2.  **Lift & Move:** [537, 485]\n3.  **Move:** [502, 460]\n4.  **Move:** [467, 445]\n5.  **Apex:** [432, 438] (Highest point of the arc)\n6.  **Move:** [397, 438]\n7.  **Move:** [362, 445]\n8.  **Descend:** [327, 460]\n9.  **Approach:** [292, 490]\n10. **End:** [258, 532] (Blue pad location)\n\n```json\n[[572, 515], [537, 485], [502, 460], [467, 445], [432, 438], [397, 438], [362, 445], [327, 460], [292, 490], [258, 532]]\n```"}
{"question_id": 12, "image_path": "12/image.png", "gt_depth_path": "12/gt_depth.png", "mask_path": "12/mask.png", "gt_depth_intrinsics": [[421.4407653808594, 0.0, 190.54774475097656], [0.0, 421.86688232421875, 255.82501220703125], [0.0, 0.0, 1.0]], "prompt": "pick up the bule bag, and move it to the left of the yellow towel.", "target_object": "the bule bag", "destination|direction": "the left of the yellow towel", "trajectory": [[0.2806104083478285, 0.12732442609211087, 1.327], [0.24959972460803292, 0.09457025446236161, 1.2209999999999999], [0.18609763239375943, 0.0816756951486479, 1.138], [0.10234943345548597, 0.09593960155772673, 1.0619999999999998], [0.018861911613161433, 0.12068794552904448, 0.9919999999999998], [-0.07806955738078496, 0.1914153806778979, 0.9689999999999999], [-0.08328693270873211, 0.3135059734222317, 0.976]], "bbox_center": [-0.08328693270873211, 0.23350597342223164, 0.956], "bbox_extent": [0.2, 0.2, 0.25], "bbox_rotation": [[0.984807753012208, 0.0, -0.17364817766693033], [-0.044943455527547777, 0.9659258262890683, -0.25488700224417876], [0.16773125949652062, 0.25881904510252074, 0.9512512425641977]], "model_prediction": "Based on the image provided, the blue bag is located on the right side of the counter, and the yellow towel is in the center. The task is to move the blue bag to the left of the yellow towel.\n\n1.  **Start Point:** The center of the blue bag is approximately at `[725, 600]`.\n2.  **Target Point:** The target location is the empty space on the counter to the left of the yellow towel. The towel's left edge is around x=480. A safe position to the left would be around x=365. The y-coordinate should be similar to the towel's position on the counter, roughly y=710. So, the target is `[365, 710]`.\n3.  **Trajectory:** The robot needs to move the bag from right to left and slightly forward (down in the image) to place it next to the towel.\n\nHere are the predicted key 2D trajectory points:\n\n```json\n[[725, 600], [685, 612], [645, 624], [605, 637], [565, 649], [525, 661], [485, 673], [445, 686], [405, 698], [365, 710]]\n```"}
{"question_id": 13, "image_path": "13/image.png", "gt_depth_path": "13/gt_depth.png", "mask_path": "13/mask.png", "gt_depth_intrinsics": [[425.2408142089844, 0.0, 191.00042724609375], [0.0, 424.5851135253906, 255.3392333984375], [0.0, 0.0, 1.0]], "prompt": "pick up the pink paper card which is on the left of the brown box, and move it to the front of the table lamp", "target_object": "the pink paper card which is on the left of the brown box", "destination|direction": "the front of the table lamp", "trajectory": [[-0.48644589825201723, -0.25556000562072134, 1.501], [-0.53045831137013, -0.2971977660867093, 1.2369999999999997], [-0.4598606687631255, -0.2506599804999782, 1.1139999999999997], [-0.27417145988985026, -0.1212677436361682, 0.8580000000000001], [0.08350691901008812, 0.0670843268485399, 0.798], [0.07178905851758084, 0.13513504889919753, 0.818]], "bbox_center": [0.07178905851758084, 0.09513504889919752, 0.818], "bbox_extent": [0.2, 0.10000000000000002, 0.15000000000000002], "bbox_rotation": [[0.573576436351046, 0.0, 0.8191520442889918], [0.34618861305875415, 0.9063077870366499, -0.242403876506104], [-0.7424038765061041, 0.42261826174069944, 0.5198367907256845]], "model_prediction": "Based on the image and the task description, here is the predicted trajectory. The robot starts at the pink paper card on the left, moves around the red bag (obstacle) by coming towards the front of the dresser, and places the card in front of the table lamp.\n\n```json\n[[135, 365], [150, 390], [180, 430], [220, 470], [270, 500], [330, 525], [390, 545], [450, 560], [500, 570], [530, 580]]\n```"}
{"question_id": 14, "image_path": "14/image.png", "gt_depth_path": "14/gt_depth.png", "mask_path": "14/mask.png", "gt_depth_intrinsics": [[419.4564208984375, 0.0, 191.01564025878906], [0.0, 418.8007507324219, 255.306884765625], [0.0, 0.0, 1.0]], "prompt": "pick up the bule clock on the wooden stand, and move it to the front of the leftmost pillow.", "target_object": "the bule clock on the wooden stand", "destination|direction": "the front of the leftmost pillow", "trajectory": [[-0.36500384448663586, -0.24351865995718364, 2.241], [-0.28781533895710565, -0.4523926771643158, 2.1670000000000105], [-0.18729482981426795, -0.5099364509737954, 2.15300000000001], [-0.0521220478178283, -0.4592305831346377, 2.1650000000000054], [0.11750318798132929, -0.3604933387926762, 2.2280000000000038], [0.12516619333435577, -0.2615845198040728, 2.2589999999999986]], "bbox_center": [0.12516619333435577, -0.3415845198040729, 2.2189999999999985], "bbox_extent": [0.35, 0.2, 0.3], "bbox_rotation": [[1.0, 0.0, 0.0], [0.0, 0.9063077870366499, -0.42261826174069944], [0.0, 0.42261826174069944, 0.9063077870366499]], "model_prediction": "Based on the image and the task instruction, here is the predicted 2D trajectory to move the blue clock from the wooden stand to the front of the leftmost pillow.\n\n1.  **Start Point:** The center of the blue clock on the nightstand is approximately at `[327, 413]`.\n2.  **Lift & Transition:** The robot arm lifts the clock (moving up in the image, i.e., lower Y value) and starts moving right towards the bed.\n3.  **Target Point:** The \"leftmost pillow\" is the small white pillow with blue patterns. Its center is roughly at x=560. The area \"front of\" it (towards the foot of the bed) is lower in the image, roughly at `[560, 480]`.\n\nThe trajectory creates an arc that lifts the object, moves it across the gap between the nightstand and the bed, and lowers it onto the bed surface in front of the pillow.\n\n```json\n[[327, 413], [327, 390], [345, 375], [380, 375], [420, 390], [460, 415], [500, 440], [530, 460], [550, 475], [560, 480]]\n```"}
{"question_id": 15, "image_path": "15/image.png", "gt_depth_path": "15/gt_depth.png", "mask_path": "15/mask.png", "gt_depth_intrinsics": [[420.6614990234375, 0.0, 191.02439880371094], [0.0, 420.0058288574219, 255.30030822753906], [0.0, 0.0, 1.0]], "prompt": "pick up the napkin in the box on the left, and move it to the right of round porcelain.", "target_object": "the napkin in the box on the left", "destination|direction": "the right of round porcelain", "trajectory": [[-0.05859588583654545, 0.07743674378763375, 1.016], [-0.04919372763931204, 0.05041579648574621, 0.9009999999999999], [0.01909150369305921, 0.048858253520680586, 0.8749999999999996], [0.1419894809911844, 0.0821728048774551, 0.8709999999999998], [0.25227178125795297, 0.1378171196296438, 0.8939999999999999], [0.3596439906063709, 0.20087402900045206, 0.9629999999999999], [0.3655061384976287, 0.2672601660452914, 1.023]], "bbox_center": [0.40550613849762873, 0.22726016604529142, 1.023], "bbox_extent": [0.2, 0.10500000000000001, 0.2], "bbox_rotation": [[0.9659258262890683, 0.0, -0.25881904510252074], [-0.08852132690137686, 0.9396926207859084, -0.33036608954935215], [0.24321034680169396, 0.3420201433256687, 0.9076733711903687]], "model_prediction": "Based on the image provided, the task is to move the napkin from the tissue box on the left to the empty space on the right of the small round porcelain container.\n\n**Object Locations:**\n*   **Napkin (Start):** The tissue box is located on the left side of the vanity table. The grasp point is at the top of the tissues sticking out. Approximate coordinates: [416, 620].\n*   **Round Porcelain (Reference):** The small round white bowl/jar is located on the right side of the table, in front of the mirror. Approximate coordinates: [760, 710].\n*   **Target Location (End):** The space on the table immediately to the right of the round porcelain. Approximate coordinates: [860, 710].\n\n**Trajectory Plan:**\nThe robot needs to lift the napkin from the box, raise it to avoid the bottles and other items in the middle (blue and silver bottles), move horizontally to the right, and then lower it to the target location.\n\n**Key Trajectory Points:**\n1.  **Start:** [416, 620] - Grasping the napkin.\n2.  **Lift:** [430, 570] - Lifting the napkin up.\n3.  **Ascend:** [460, 530] - Moving up and right to clear obstacles.\n4.  **Apex (Crossing):** [550, 500] - Reaching maximum height to pass over the bottles.\n5.  **Traverse:** [650, 500] - Continuing right at height.\n6.  "}
{"question_id": 16, "image_path": "16/image.png", "gt_depth_path": "16/gt_depth.png", "mask_path": "16/mask.png", "gt_depth_intrinsics": [[421.6785583496094, 0.0, 190.71176147460938], [0.0, 421.2041931152344, 256.3653564453125], [0.0, 0.0, 1.0]], "prompt": "pick up the black controller which is the second black object on the stand from the left, and move it to the white plate on the right side of the lamp.", "target_object": "the black controller which is the second black object on the stand from the left", "destination|direction": "the white plate on the right side of the lamp", "trajectory": [[-0.2921309644110181, 0.649421900810309, 2.063], [-0.2288414399123782, 0.6098001902475282, 2.071000000000001], [-0.16578819680431345, 0.6071829247590514, 2.084000000000001], [-0.07239369272280505, 0.6229381324572876, 2.09], [-0.07330088344811599, 0.6715206231783915, 2.101]], "bbox_center": [-0.07330088344811599, 0.6715206231783915, 2.081], "bbox_extent": [0.15000000000000002, 0.1, 0.2], "bbox_rotation": [[1.0, 0.0, 0.0], [0.0, 0.984807753012208, -0.17364817766693033], [0.0, 0.17364817766693033, 0.984807753012208]], "model_prediction": "Based on the image provided, the task is to move the black remote controller (the second black object from the left on the nightstand) to the white plate on the right side of the lamp.\n\n**Scene Analysis:**\n1.  **Image Dimensions:** Estimated to be 384x512 pixels.\n2.  **Nightstand Surface:** Located roughly at `y = 380`.\n3.  **Start Position (Black Controller):**\n    *   The \"second black object from the left\" is the first remote controller, located between the round black object (leftmost) and the second remote (closer to the lamp).\n    *   Estimated coordinates: `x = 160`, `y = 380`.\n4.  **Target Position (White Plate):**\n    *   Located on the right side of the lamp base.\n    *   Estimated coordinates: `x = 235`, `y = 380`.\n5.  **Obstacle (Lamp):** The lamp base is in the center (`x ≈ 197`), so the trajectory must lift over it.\n\n**Trajectory Plan:**\n*   **Start:** Lift the object from `[160, 380]`.\n*   **Lift:** Move vertically up to `y ≈ 350`.\n*   **Traverse:** Move horizontally to the right while maintaining height or arching over the lamp base (apex around `y ≈ 325`).\n*   **Approach:** Lower the object towards the plate at `x = 235`.\n*   **End:** Place the object on the plate at `[235, 380]`.\n\n**Key Trajectory Points:**\n```json\n[[160, 380], [160, 355], [178, 335], [197, 325], [216, 335], [235, 355], [235, 380]]\n```"}
