{"question_id": 0, "image_path": "0/image.png", "gt_depth_path": "0/gt_depth.png", "mask_path": "0/mask.png", "gt_depth_intrinsics": [[421.6617431640625, 0.0, 253.9289093017578], [0.0, 421.6598815917969, 192.12013244628906], [0.0, 0.0, 1.0]], "prompt": "pick up the pale blue pillow on the sofa which is the second pale blue pillow from the right, and move it to the top of the wooden stool on the left", "target_object": "the pale blue pillow on the sofa which is the second pale blue pillow from the right", "destination|direction": "the top of the wooden stool on the left", "trajectory": [[0.3656957605957062, -0.0154727397889737, 1.7449999999999999], [0.14433472312971857, -0.37824608573193913, 1.5129999999999997], [-0.11851453212170616, -0.48057865461779503, 1.4950000000000097], [-0.36499838626470044, -0.5378791809423078, 1.5380000000000063], [-0.8448668727001182, -0.5268276503622253, 1.6430000000000073], [-1.1398665165449666, -0.4493887684410257, 1.927000000000013], [-1.1630277570143241, -0.203180558069577, 2.150000000000001]], "bbox_center": [-1.103027757014324, -0.303180558069577, 2.0300000000000007], "bbox_extent": [0.35, 0.35, 0.3], "bbox_rotation": [[0.8067072841115988, -0.14224425972292404, -0.573576436351046], [-0.18174757236644734, 0.8638357856381216, -0.46984631039295416], [0.5623087921242128, 0.483274565880356, 0.6710100716628343]], "model_prediction": "[(726, 624, 1.533), (738, 574, 1.499), (690, 540, 1.511), (600, 509, 1.54), (472, 472, 1.598), (280, 413, 1.72), (107, 344, 1.884), (39, 301, 2.023), (47, 390, 2.106)]"}
{"question_id": 1, "image_path": "1/image.png", "gt_depth_path": "1/gt_depth.png", "mask_path": "1/mask.png", "gt_depth_intrinsics": [[420.1812744140625, 0.0, 255.94032287597656], [0.0, 420.2139892578125, 191.5743865966797], [0.0, 0.0, 1.0]], "prompt": "pick up the paper towel on the white table, and move it to the top of the highest brown wooden shelf on the right.", "target_object": "the paper towel on the white table", "destination|direction": "the top of the highest brown wooden shelf on the right", "trajectory": [[0.09463477546573701, 0.6270848318306481, 2.4560000000000004], [0.06829668097468862, 0.2766739767946308, 2.3880000000000075], [0.09522964723826123, 0.06100828246513388, 2.362000000000007], [0.21668317354831687, -0.10164022055296998, 2.370000000000006], [0.3871591489632133, -0.06671053221552564, 2.401000000000005], [0.39821830918400697, 0.05237260722410254, 2.4620000000000033]], "bbox_center": [0.39821830918400697, -0.04762739277589746, 2.5020000000000033], "bbox_extent": [0.2, 0.2, 0.25], "bbox_rotation": [[0.9659258262890683, 0.0, -0.25881904510252074], [-0.044943455527547777, 0.984807753012208, -0.16773125949652062], [0.25488700224417876, 0.17364817766693033, 0.9512512425641977]], "model_prediction": "[(538, 776, 2.494), (539, 760, 2.49), (546, 613, 2.447), (620, 474, 2.466), (640, 458, 2.501), (639, 479, 2.505)]"}
{"question_id": 2, "image_path": "2/image.png", "gt_depth_path": "2/gt_depth.png", "mask_path": "2/mask.png", "gt_depth_intrinsics": [[418.49224853515625, 0.0, 253.98204040527344], [0.0, 418.10504150390625, 191.89065551757812], [0.0, 0.0, 1.0]], "prompt": "pick up the bottle on the glass table, and move it to the spot which is on the wooden table and on the right of the black object on the wooden table.", "target_object": "the bottle on the glass table", "destination|direction": "the spot which is on the wooden table and on the right of the black object on the wooden table.", "trajectory": [[1.259695493903153, 0.16529815949326104, 3.2540000000000004], [1.2884984890784434, -0.08654627857183828, 3.3090000000000153], [1.3204028708494058, -0.2787636274561752, 3.500000000000014], [1.3939678475863404, -0.4811484594757576, 3.778000000000012], [1.5802428988983874, -0.6194546667244742, 4.1400000000000325], [1.8421370136658581, -0.6879645462424411, 4.535000000000024], [1.8691418256150263, -0.5192117352066712, 4.634999999999999]], "bbox_center": [1.8691418256150263, -0.6192117352066713, 4.555000000000001], "bbox_extent": [0.2, 0.31, 0.3], "bbox_rotation": [[1.0, 0.0, 0.0], [0.0, 0.2588190451025212, 0.9659258262890682], [0.0, -0.9659258262890682, 0.2588190451025212]], "model_prediction": "[(810, 560, 3.554), (813, 565, 3.515), (815, 561, 3.475), (817, 551, 3.47), (820, 540, 3.483), (824, 526, 3.518), (827, 515, 3.562), (831, 498, 3.676), (829, 525, 3.701)]"}
{"question_id": 3, "image_path": "3/image.png", "gt_depth_path": "3/gt_depth.png", "mask_path": "3/mask.png", "gt_depth_intrinsics": [[421.31158447265625, 0.0, 253.70516967773438], [0.0, 421.43023681640625, 191.67669677734375], [0.0, 0.0, 1.0]], "prompt": "pick up the sponge wipe in the white cup, and move it to the sink.", "target_object": "the sponge wipe in the white cup", "destination|direction": "the sink", "trajectory": [[0.07442790639524516, -0.33625460609296864, 1.704], [0.08441436907420775, -0.43869088693476466, 1.6599999999999997], [0.15416865318830747, -0.4923053523006674, 1.5539999999999996], [0.2059521665870609, -0.46815797557407524, 1.5079999999999996], [0.24687229610320138, -0.39184330688328384, 1.5049999999999997], [0.2908398951927841, -0.2753192529508467, 1.5149999999999997], [0.3351070824621249, -0.1462579998618334, 1.5509999999999997], [0.3560527618699104, -0.0604826416391239, 1.5779999999999998]], "bbox_center": [0.3560527618699104, -0.0604826416391239, 1.5779999999999998], "bbox_extent": [0.44999999999999996, 0.25000000000000006, 0.4], "bbox_rotation": [[0.984807753012208, 0.0, 0.1736481776669303], [0.07338689100003824, 0.9063077870366499, -0.41619774072678345], [-0.15737869562426263, 0.4226182617406995, 0.8925389352890299]], "model_prediction": "[(524, 303, 1.619), (525, 294, 1.654), (604, 299, 1.619), (751, 321, 1.492), (790, 317, 1.438), (784, 362, 1.464)]"}
{"question_id": 4, "image_path": "4/image.png", "gt_depth_path": "4/gt_depth.png", "mask_path": "4/mask.png", "gt_depth_intrinsics": [[422.8226318359375, 0.0, 254.60523986816406], [0.0, 422.92877197265625, 191.09210205078125], [0.0, 0.0, 1.0]], "prompt": "pick up the orange object at right which is on the window sill, and move it to a spot which is on the sink's edge and beside the right wall.", "target_object": "the orange object at right which is on the window sill", "destination|direction": "a spot is on the sink's edge and beside the right wall", "trajectory": [[0.8754062065952549, 0.016590873490911373, 2.413], [0.805186582482693, -0.04706837738201671, 2.360000000000002], [0.7908861098103421, -0.014751337263043056, 2.2850000000000033], [0.7990381163852724, 0.03297484870328963, 2.1550000000000065], [0.84024324358364, 0.15033247177009387, 1.985000000000007], [0.9892861201459223, 0.2908389843655857, 1.8050000000000033], [0.9803187735780421, 0.4113797597580695, 1.819]], "bbox_center": [0.9803187735780421, 0.35137975975806945, 1.819], "bbox_extent": [0.15000000000000002, 0.16000000000000003, 0.15000000000000002], "bbox_rotation": [[0.9361168066628592, -0.08189960831908936, -0.34202014332566866], [0.05712850152652285, 0.9950019037522059, -0.08189960831908934], [0.34701823957346284, 0.05712850152652281, 0.9361168066628592]], "model_prediction": "[(817, 504, 2.346), (825, 504, 2.346), (863, 515, 2.129), (926, 558, 1.871), (958, 602, 1.77), (955, 636, 1.78)]"}
{"question_id": 5, "image_path": "5/image.png", "gt_depth_path": "5/gt_depth.png", "mask_path": "5/mask.png", "gt_depth_intrinsics": [[419.87890625, 0.0, 190.77684020996094], [0.0, 419.601318359375, 256.0598449707031], [0.0, 0.0, 1.0]], "prompt": "pick up the brown toy dog next to the door, and move it to the spot which is on the wooden table, between the glass jars filled with colorful candies and white remote control.", "target_object": "the brown toy dog next to the door", "destination|direction": "the spot which is on the wooden table, between the glass jars filled with colorful candies and white remote control", "trajectory": [[0.22151146011161607, 0.4335061260427291, 1.164], [0.045756383574714635, 0.4071500004072877, 1.0539999999999998], [-0.04146540968727035, 0.2836099729037342, 0.9459999999999995], [-0.12762148990245503, -0.035782593049228865, 0.8199999999999994], [-0.18334950989170967, -0.39540557588438147, 0.7059999999999993], [-0.11280738864848935, -0.6497262103280004, 1.0199999999999998], [-0.09999291791631006, -0.5475221264110336, 1.129]], "bbox_center": [-0.09999291791631004, -0.6075221264110336, 1.049], "bbox_extent": [0.2, 0.2, 0.2], "bbox_rotation": [[0.6427876096865394, 0.0, 0.766044443118978], [0.5868240888334652, 0.6427876096865394, -0.49240387650610407], [-0.49240387650610407, 0.766044443118978, 0.41317591116653485]], "model_prediction": "[(758, 809, 1.31), (762, 803, 1.3), (457, 17, 1.118), (409, 1, 1.089), (410, 69, 1.152)]"}
{"question_id": 6, "image_path": "6/image.png", "gt_depth_path": "6/gt_depth.png", "mask_path": "6/mask.png", "gt_depth_intrinsics": [[420.6019287109375, 0.0, 190.76690673828125], [0.0, 420.3243713378906, 255.79473876953125], [0.0, 0.0, 1.0]], "prompt": "pick up the white remote control, and move it to the spot which is between the black glass bottle and the brown glass bottle on the wooden table.", "target_object": "the white remote control", "destination|direction": "the spot which is between the black glass bottle and the brown glass bottle on the wooden table", "trajectory": [[0.041081540621278737, 0.5204770459477467, 1.184], [-0.0804093038570385, 0.3798687338132077, 1.2229999999999999], [-0.21068545881074563, 0.33260871872156833, 1.3179999999999996], [-0.5350003018367637, 0.24605313627802516, 1.5800000000000005], [-0.7353724056186912, 0.13772541086889883, 2.05600000000001], [-0.6783273669298934, 0.19866865865269112, 2.396000000000006], [-0.6854517165659916, 0.24919926343855442, 2.4069999999999996]], "bbox_center": [-0.6454517165659915, 0.22919926343855443, 2.4069999999999996], "bbox_extent": [0.11000000000000003, 0.11000000000000003, 0.21000000000000002], "bbox_rotation": [[-0.4226182617406985, 1.1730013120289609e-17, -0.9063077870366504], [-0.15737869562426268, 0.984807753012208, 0.07338689100003806], [0.8925389352890304, 0.17364817766693028, -0.4161977407267825]], "model_prediction": "[(593, 870, 1.29), (572, 870, 1.29), (481, 822, 1.335), (384, 776, 1.416), (332, 744, 1.505), (332, 756, 1.509)]"}
{"question_id": 7, "image_path": "7/image.png", "gt_depth_path": "7/gt_depth.png", "mask_path": "7/mask.png", "gt_depth_intrinsics": [[421.9646911621094, 0.0, 254.96099853515625], [0.0, 422.0835876464844, 190.86778259277344], [0.0, 0.0, 1.0]], "prompt": "pick up the picture frame on the wooden table, and move it to the chair which is on the right of the wooden table.", "target_object": "the picture frame on the wooden table", "destination|direction": "the chair which is on the right of the wooden table", "trajectory": [[-0.4635315198830341, -0.3596069804534578, 1.617], [-0.37012583696217943, -0.4428648452172266, 1.4869999999999999], [-0.2568762608991043, -0.4293412017423387, 1.3899999999999997], [-0.17428335223002, -0.21868504558835378, 1.3749999999999998], [-0.12932198804088163, -0.005494350847219293, 1.3899999999999997], [-0.09891860548455444, 0.34591132874479397, 1.4829999999999997], [-0.10423301194863158, 0.537144737718294, 1.533]], "bbox_center": [-0.10423301194863158, 0.41714473771829386, 1.533], "bbox_extent": [0.35, 0.25, 0.3], "bbox_rotation": [[0.9622501868990583, 0.08418598282936919, 0.25881904510252074], [0.006284868208108488, 0.9438319486579569, -0.3303660895493521], [-0.27209387763111137, 0.31952147500219286, 0.9076733711903687]], "model_prediction": "[(228, 299, 1.542), (271, 297, 1.542), (386, 430, 1.524), (432, 488, 1.489), (435, 578, 1.531)]"}
{"question_id": 8, "image_path": "8/image.png", "gt_depth_path": "8/gt_depth.png", "mask_path": "8/mask.png", "gt_depth_intrinsics": [[421.9646911621094, 0.0, 255.0101318359375], [0.0, 422.0835876464844, 190.86993408203125], [0.0, 0.0, 1.0]], "prompt": "pick up the closest white toy bear on the left of the wooden chair, and move it to the spot on the window sill to the right of the gray toy.", "target_object": "the closest white toy bear on the left of the wooden chair", "destination|direction": "the spot on the window sill to the right of the gray toy.", "trajectory": [[-0.7972634886145082, 0.2635278274955923, 1.672], [-0.6371596815462915, 0.1505575014089894, 1.5249999999999997], [-0.4072559445008035, 0.09669924469491538, 1.4059999999999997], [-0.13676274582537723, 0.07261813100944374, 1.3319999999999996], [0.2520218162530406, 0.06728860535173761, 1.4039999999999997], [0.516950588702243, -0.005862946524920589, 1.7990000000000002], [0.5058543835334777, 0.1234796685811088, 1.8559999999999999]], "bbox_center": [0.5258543835334777, 0.043479668581108785, 1.8359999999999999], "bbox_extent": [0.15000000000000002, 0.2, 0.15500000000000003], "bbox_rotation": [[1.0, 0.0, 0.0], [0.0, 0.9659258262890683, -0.25881904510252074], [0.0, 0.25881904510252074, 0.9659258262890683]], "model_prediction": "[(108, 676, 1.848), (106, 664, 1.842), (114, 651, 1.808), (149, 640, 1.76), (262, 576, 1.754), (387, 524, 1.782), (509, 486, 1.821), (809, 468, 1.915), (805, 528, 1.949)]"}
{"question_id": 9, "image_path": "9/image.png", "gt_depth_path": "9/gt_depth.png", "mask_path": "9/mask.png", "gt_depth_intrinsics": [[421.9646911621094, 0.0, 254.978759765625], [0.0, 422.0835876464844, 190.8806915283203], [0.0, 0.0, 1.0]], "prompt": "pick up the gray toy on the left, and move it to a spot on the same line so that the spacing between it and the second toy matches the spacing between the second and third toys.", "target_object": "the gray toy on the left", "destination|direction": "a spot on the same line so that the spacing between it and the second toy matches the spacing between the second and third toys", "trajectory": [[-0.5892437647985573, -0.09838933278431854, 1.729], [-0.454536253757972, -0.1330659468137675, 1.723], [-0.38806297749632074, -0.1380804619171583, 1.7389999999999999], [-0.24001789116159405, -0.13732939479069772, 1.8399999999999999], [-0.2412561403503697, -0.05435325137636303, 1.881]], "bbox_center": [-0.2412561403503697, -0.15435325137636302, 1.821], "bbox_extent": [0.25, 0.25, 0.2], "bbox_rotation": [[0.9396926207859084, 0.0, -0.3420201433256687], [-0.144543958452599, 0.9063077870366499, -0.39713126196710286], [0.30997551921944466, 0.42261826174069944, 0.8516507396391465]], "model_prediction": "[(623, 384, 1.893), (639, 384, 1.893), (652, 376, 1.85), (672, 362, 1.868), (690, 347, 1.885), (687, 399, 1.92)]"}
{"question_id": 10, "image_path": "10/image.png", "gt_depth_path": "10/gt_depth.png", "mask_path": "10/mask.png", "gt_depth_intrinsics": [[420.7596130371094, 0.0, 254.92266845703125], [0.0, 420.8785095214844, 190.93508911132812], [0.0, 0.0, 1.0]], "prompt": "pick up the toy bear on the window sill, and move it to the right of the orange fabric.", "target_object": "the toy bear on the window sill", "destination|direction": "the right of the orange fabric", "trajectory": [[-0.7348099996148671, -0.5211571249711867, 1.718], [-0.7328826474161182, -0.5463850741338028, 1.571], [-0.6938661342114656, -0.4737425457426312, 1.4569999999999999], [-0.6511660729746206, -0.3415841739026651, 1.3719999999999999], [-0.6258912644549022, -0.19113674538099856, 1.38], [-0.5966844241187153, -0.03655338162399945, 1.42], [-0.5877918266400369, 0.09114470145664522, 1.493]], "bbox_center": [-0.607791826640037, 0.011144701456645204, 1.393], "bbox_extent": [0.2, 0.25, 0.25], "bbox_rotation": [[0.9063077870366499, 0.0, -0.4226182617406995], [-0.1786061951567304, 0.9063077870366499, -0.38302222155948906], [0.38302222155948906, 0.4226182617406995, 0.8213938048432696]], "model_prediction": "[(150, 209, 1.664), (160, 209, 1.664), (204, 220, 1.592), (224, 238, 1.584), (240, 258, 1.575), (256, 284, 1.561), (264, 342, 1.529), (270, 400, 1.574)]"}
{"question_id": 11, "image_path": "11/image.png", "gt_depth_path": "11/gt_depth.png", "mask_path": "11/mask.png", "gt_depth_intrinsics": [[421.0006408691406, 0.0, 255.01205444335938], [0.0, 421.1195068359375, 190.88800048828125], [0.0, 0.0, 1.0]], "prompt": "pick up the red hair drier, and move it on the blue pad which is on the wooden table.", "target_object": "the red hair drier", "destination|direction": "the blue pad which is on the wooden table", "trajectory": [[0.16831005145284833, 0.08571826514553985, 1.672], [0.16459723708330976, -0.09638190468985104, 1.6], [0.08209492438357306, -0.18088433293881884, 1.5569999999999997], [-0.00920204795108845, -0.20529667146982827, 1.5509999999999997], [-0.1390210274491787, -0.2133937175109012, 1.5539999999999996], [-0.36924046046243564, -0.19248908143083765, 1.6690000000000036], [-0.5658146017183039, -0.07719897698743487, 1.940000000000007], [-0.5731080498217188, 0.059306070100651885, 2.0420000000000003]], "bbox_center": [-0.5731080498217188, -0.020693929899348113, 1.9820000000000002], "bbox_extent": [0.2, 0.2, 0.2], "bbox_rotation": [[0.8067072841115988, 0.14224425972292404, -0.573576436351046], [-0.26909741914733987, 0.9525508645653092, -0.14224425972292404], [0.5261273009163553, 0.26909741914733987, 0.8067072841115988]], "model_prediction": "[(569, 634, 1.783), (562, 633, 1.783), (531, 355, 1.915), (259, 304, 1.819), (234, 324, 1.831), (219, 336, 1.84), (235, 499, 1.942)]"}
{"question_id": 12, "image_path": "12/image.png", "gt_depth_path": "12/gt_depth.png", "mask_path": "12/mask.png", "gt_depth_intrinsics": [[421.4407653808594, 0.0, 190.54774475097656], [0.0, 421.86688232421875, 255.82501220703125], [0.0, 0.0, 1.0]], "prompt": "pick up the bule bag, and move it to the left of the yellow towel.", "target_object": "the bule bag", "destination|direction": "the left of the yellow towel", "trajectory": [[0.2806104083478285, 0.12732442609211087, 1.327], [0.24959972460803292, 0.09457025446236161, 1.2209999999999999], [0.18609763239375943, 0.0816756951486479, 1.138], [0.10234943345548597, 0.09593960155772673, 1.0619999999999998], [0.018861911613161433, 0.12068794552904448, 0.9919999999999998], [-0.07806955738078496, 0.1914153806778979, 0.9689999999999999], [-0.08328693270873211, 0.3135059734222317, 0.976]], "bbox_center": [-0.08328693270873211, 0.23350597342223164, 0.956], "bbox_extent": [0.2, 0.2, 0.25], "bbox_rotation": [[0.984807753012208, 0.0, -0.17364817766693033], [-0.044943455527547777, 0.9659258262890683, -0.25488700224417876], [0.16773125949652062, 0.25881904510252074, 0.9512512425641977]], "model_prediction": "[(722, 591, 1.306), (723, 579, 1.301), (600, 564, 1.18), (479, 590, 1.099), (393, 606, 1.049), (395, 668, 1.07)]"}
{"question_id": 13, "image_path": "13/image.png", "gt_depth_path": "13/gt_depth.png", "mask_path": "13/mask.png", "gt_depth_intrinsics": [[425.2408142089844, 0.0, 191.00042724609375], [0.0, 424.5851135253906, 255.3392333984375], [0.0, 0.0, 1.0]], "prompt": "pick up the pink paper card which is on the left of the brown box, and move it to the front of the table lamp", "target_object": "the pink paper card which is on the left of the brown box", "destination|direction": "the front of the table lamp", "trajectory": [[-0.48644589825201723, -0.25556000562072134, 1.501], [-0.53045831137013, -0.2971977660867093, 1.2369999999999997], [-0.4598606687631255, -0.2506599804999782, 1.1139999999999997], [-0.27417145988985026, -0.1212677436361682, 0.8580000000000001], [0.08350691901008812, 0.0670843268485399, 0.798], [0.07178905851758084, 0.13513504889919753, 0.818]], "bbox_center": [0.07178905851758084, 0.09513504889919752, 0.818], "bbox_extent": [0.2, 0.10000000000000002, 0.15000000000000002], "bbox_rotation": [[0.573576436351046, 0.0, 0.8191520442889918], [0.34618861305875415, 0.9063077870366499, -0.242403876506104], [-0.7424038765061041, 0.42261826174069944, 0.5198367907256845]], "model_prediction": "[(326, 371, 1.288), (324, 344, 1.267), (360, 320, 1.271), (420, 283, 1.278), (422, 357, 1.332)]"}
{"question_id": 14, "image_path": "14/image.png", "gt_depth_path": "14/gt_depth.png", "mask_path": "14/mask.png", "gt_depth_intrinsics": [[419.4564208984375, 0.0, 191.01564025878906], [0.0, 418.8007507324219, 255.306884765625], [0.0, 0.0, 1.0]], "prompt": "pick up the bule clock on the wooden stand, and move it to the front of the leftmost pillow.", "target_object": "the bule clock on the wooden stand", "destination|direction": "the front of the leftmost pillow", "trajectory": [[-0.36500384448663586, -0.24351865995718364, 2.241], [-0.28781533895710565, -0.4523926771643158, 2.1670000000000105], [-0.18729482981426795, -0.5099364509737954, 2.15300000000001], [-0.0521220478178283, -0.4592305831346377, 2.1650000000000054], [0.11750318798132929, -0.3604933387926762, 2.2280000000000038], [0.12516619333435577, -0.2615845198040728, 2.2589999999999986]], "bbox_center": [0.12516619333435577, -0.3415845198040729, 2.2189999999999985], "bbox_extent": [0.35, 0.2, 0.3], "bbox_rotation": [[1.0, 0.0, 0.0], [0.0, 0.9063077870366499, -0.42261826174069944], [0.0, 0.42261826174069944, 0.9063077870366499]], "model_prediction": "[(328, 407, 2.413), (327, 399, 2.405), (367, 375, 2.494), (459, 350, 2.61), (489, 341, 2.64), (489, 365, 2.669)]"}
{"question_id": 15, "image_path": "15/image.png", "gt_depth_path": "15/gt_depth.png", "mask_path": "15/mask.png", "gt_depth_intrinsics": [[420.6614990234375, 0.0, 191.02439880371094], [0.0, 420.0058288574219, 255.30030822753906], [0.0, 0.0, 1.0]], "prompt": "pick up the napkin in the box on the left, and move it to the right of round porcelain.", "target_object": "the napkin in the box on the left", "destination|direction": "the right of round porcelain", "trajectory": [[-0.05859588583654545, 0.07743674378763375, 1.016], [-0.04919372763931204, 0.05041579648574621, 0.9009999999999999], [0.01909150369305921, 0.048858253520680586, 0.8749999999999996], [0.1419894809911844, 0.0821728048774551, 0.8709999999999998], [0.25227178125795297, 0.1378171196296438, 0.8939999999999999], [0.3596439906063709, 0.20087402900045206, 0.9629999999999999], [0.3655061384976287, 0.2672601660452914, 1.023]], "bbox_center": [0.40550613849762873, 0.22726016604529142, 1.023], "bbox_extent": [0.2, 0.10500000000000001, 0.2], "bbox_rotation": [[0.9659258262890683, 0.0, -0.25881904510252074], [-0.08852132690137686, 0.9396926207859084, -0.33036608954935215], [0.24321034680169396, 0.3420201433256687, 0.9076733711903687]], "model_prediction": "[(424, 631, 1.166), (368, 632, 1.166), (354, 582, 1.179), (369, 503, 1.161), (429, 471, 1.14), (532, 448, 1.113), (729, 457, 1.079), (916, 566, 1.039), (904, 637, 1.078)]"}
{"question_id": 16, "image_path": "16/image.png", "gt_depth_path": "16/gt_depth.png", "mask_path": "16/mask.png", "gt_depth_intrinsics": [[421.6785583496094, 0.0, 190.71176147460938], [0.0, 421.2041931152344, 256.3653564453125], [0.0, 0.0, 1.0]], "prompt": "pick up the black controller which is the second black object on the stand from the left, and move it to the white plate on the right side of the lamp.", "target_object": "the black controller which is the second black object on the stand from the left", "destination|direction": "the white plate on the right side of the lamp", "trajectory": [[-0.2921309644110181, 0.649421900810309, 2.063], [-0.2288414399123782, 0.6098001902475282, 2.071000000000001], [-0.16578819680431345, 0.6071829247590514, 2.084000000000001], [-0.07239369272280505, 0.6229381324572876, 2.09], [-0.07330088344811599, 0.6715206231783915, 2.101]], "bbox_center": [-0.07330088344811599, 0.6715206231783915, 2.081], "bbox_extent": [0.15000000000000002, 0.1, 0.2], "bbox_rotation": [[1.0, 0.0, 0.0], [0.0, 0.984807753012208, -0.17364817766693033], [0.0, 0.17364817766693033, 0.984807753012208]], "model_prediction": "[(357, 762, 2.184), (357, 754, 2.182), (402, 719, 2.188), (434, 715, 2.203), (434, 726, 2.205)]"}
{"question_id": 17, "image_path": "17/image.png", "gt_depth_path": "17/gt_depth.png", "mask_path": "17/mask.png", "gt_depth_intrinsics": [[421.5227966308594, 0.0, 256.4072265625], [0.0, 422.0413513183594, 191.27601623535156], [0.0, 0.0, 1.0]], "prompt": "pick up the colorful card on the right table, and move it to the right of the dark blue clothes which is on the left wooden table.", "target_object": "the colorful card on the right table", "destination|direction": "the right of the dark blue clothes which is on the left wooden table", "trajectory": [[0.3643996464351496, 0.15486252917776708, 0.992], [0.34594277079844993, -0.06838647463301327, 1.0420000000000513], [0.255544964875551, -0.2851713592607543, 1.187000000000047], [0.14846196292781688, -0.39568259499238223, 1.362000000000032], [0.016492207795874465, -0.47897427999853337, 1.5490000000000204], [-0.13741587156928392, -0.4459181194177554, 1.7410000000000116], [-0.14043749458369434, -0.3748379164147586, 1.742]], "bbox_center": [-0.10043749458369433, -0.41483791641475865, 1.702], "bbox_extent": [0.39999999999999997, 0.1, 0.25], "bbox_rotation": [[0.6403416087687969, 0.056022631551222134, -0.766044443118978], [-0.2183476830233797, 0.969466611668446, -0.11161889704894963], [0.7364013263144701, 0.23873825335328716, 0.6330222215594891]], "model_prediction": "[(844, 655, 1.083), (845, 637, 1.078), (468, 242, 1.243), (422, 222, 1.24), (422, 235, 1.244)]"}
{"question_id": 18, "image_path": "18/image.png", "gt_depth_path": "18/gt_depth.png", "mask_path": "18/mask.png", "gt_depth_intrinsics": [[418.7511291503906, 0.0, 256.30914306640625], [0.0, 419.2696838378906, 191.25460815429688], [0.0, 0.0, 1.0]], "prompt": "pick up the dark blue clothes which is hanging on the clothes rack, and move it to the white basket on the right.", "target_object": "the dark blue clothes which is hanging on the clothes rack", "destination|direction": "the white basket on the right", "trajectory": [[0.20932351249344372, -0.24914293085576433, 2.369], [0.3710079927052432, -0.10976182485166458, 2.2800000000000296], [0.5251821486022401, -0.005104848526006471, 2.19200000000003], [0.6840490563917405, 0.11856525982323247, 2.057000000000031], [0.8162300632205906, 0.21365789446676198, 1.9370000000000311], [0.8879331072524362, 0.36209283415397553, 1.8420000000000103], [0.8743659758671654, 0.6135146610334992, 1.7940000000000003]], "bbox_center": [0.8743659758671654, 0.5335146610334991, 1.7540000000000002], "bbox_extent": [0.3, 0.35, 0.44999999999999996], "bbox_rotation": [[0.9396926207859084, 0.0, 0.3420201433256687], [0.0, 1.0, 0.0], [-0.3420201433256687, 0.0, 0.9396926207859084]], "model_prediction": "[(565, 370, 2.128), (572, 368, 2.128), (613, 368, 2.057), (633, 370, 2.036), (822, 600, 1.914), (881, 625, 1.879), (882, 797, 1.873)]"}
{"question_id": 19, "image_path": "19/image.png", "gt_depth_path": "19/gt_depth.png", "mask_path": "19/mask.png", "gt_depth_intrinsics": [[420.74957275390625, 0.0, 191.93101501464844], [0.0, 420.1676330566406, 255.81141662597656], [0.0, 0.0, 1.0]], "prompt": "pick up the vase which is on the closest wooden table, and move it to the front of the bamboo basket which is on the farthest table.", "target_object": "the vase which is on the closest wooden table", "destination|direction": "the front of the bamboo basket which is on the farthest table", "trajectory": [[0.7416643391564969, 1.1426411139614294, 2.9220000000000006], [0.9498817586803106, 1.0823517964014229, 2.9949999999999966], [1.0788541983961555, 0.7895645005506584, 3.2189999999999914], [1.1129701892461672, 0.5798608314843059, 3.441000000000013], [1.0919578733690753, 0.5465696671126985, 3.7220000000000626], [0.9665385071300592, 0.6424022380288625, 4.059000000000057], [0.8650968141501902, 0.9560003757611915, 4.113]], "bbox_center": [0.8650968141501902, 0.8160003757611913, 4.113], "bbox_extent": [0.3, 0.35, 0.3], "bbox_rotation": [[0.9063077870366499, 0.0, -0.42261826174069944], [0.0, 1.0, 0.0], [0.42261826174069944, 0.0, 0.9063077870366499]], "model_prediction": "[(788, 787, 2.91), (788, 782, 2.91), (703, 709, 3.415), (677, 689, 3.61), (677, 670, 4.021), (661, 653, 4.271), (656, 644, 4.377), (656, 671, 4.375)]"}
{"question_id": 20, "image_path": "20/image.png", "gt_depth_path": "20/gt_depth.png", "mask_path": "20/mask.png", "gt_depth_intrinsics": [[420.0265197753906, 0.0, 191.99034118652344], [0.0, 419.444580078125, 255.82211303710938], [0.0, 0.0, 1.0]], "prompt": "pick up the third picture frame from the left on the piano, and move it to the right of the biggest wooden chair.", "target_object": "the third picture frame from the left on the piano", "destination|direction": "the right of the biggest wooden chair", "trajectory": [[0.21812359608931756, -0.7810378930703212, 1.822], [0.2390065574501819, -0.8505943828595873, 1.662], [0.3037647370070352, -0.817974631266934, 1.5009999999999997], [0.3524010969214144, -0.7201471307503582, 1.3420000000000005], [0.35972231291344653, -0.5321065581081986, 1.2169999999999994], [0.41554475777802186, 0.6124253235508968, 1.68], [0.411847918313089, 0.7539708116638387, 1.7249999999999999]], "bbox_center": [0.39184791831308896, 0.6539708116638386, 1.6049999999999998], "bbox_extent": [0.4, 0.30000000000000004, 0.30000000000000004], "bbox_rotation": [[0.9622501868990583, 0.08418598282936919, 0.25881904510252074], [0.05343799294297641, 0.8740086987193959, -0.4829629131445341], [-0.2668688043270587, 0.478561923744338, 0.8365163037378079]], "model_prediction": "[(650, 159, 1.771), (650, 149, 1.763), (720, 145, 1.61), (806, 160, 1.47), (839, 189, 1.455), (889, 613, 1.799), (879, 653, 1.849), (872, 697, 1.897)]"}
{"question_id": 21, "image_path": "21/image.png", "gt_depth_path": "21/gt_depth.png", "mask_path": "21/mask.png", "gt_depth_intrinsics": [[419.8361511230469, 0.0, 191.77670288085938], [0.0, 420.1915588378906, 255.01025390625], [0.0, 0.0, 1.0]], "prompt": "pick up the leftmost blue card on the table, and move it to the spot which is between the lamp and the TV cabinet.", "target_object": "the leftmost blue card on the table", "destination|direction": "the spot which is between the lamp and the TV cabinet", "trajectory": [[0.34047762766396134, -0.33016974432916885, 1.603], [0.2727279457703248, -0.414325666285395, 1.6229999999999998], [0.14442336615083703, -0.4298773274750801, 1.6490000000000014], [0.03809506112112567, -0.35109345604134895, 1.722000000000003], [-0.05880702165144033, -0.24026660552376353, 1.8130000000000048], [-0.11470104231307102, 0.25230390729442154, 2.1090000000000053], [-0.11929884908917815, 0.41337920290580826, 2.1790000000000003]], "bbox_center": [-0.11929884908917814, 0.39337920290580825, 2.1790000000000003], "bbox_extent": [0.2, 0.39999999999999997, 0.25], "bbox_rotation": [[0.9063077870366499, 0.0, 0.42261826174069944], [0.109381654946615, 0.9659258262890683, -0.23456971600980447], [-0.40821789367673483, 0.25881904510252074, 0.875426098065593]], "model_prediction": "[(793, 342, 1.895), (753, 329, 1.87), (731, 328, 1.874), (693, 329, 1.887), (652, 332, 1.906), (588, 340, 1.945), (469, 360, 2.041), (408, 377, 2.098), (408, 409, 2.123)]"}
{"question_id": 22, "image_path": "22/image.png", "gt_depth_path": "22/gt_depth.png", "mask_path": "22/mask.png", "gt_depth_intrinsics": [[420.1582946777344, 0.0, 254.152099609375], [0.0, 420.1533203125, 192.59666442871094], [0.0, 0.0, 1.0]], "prompt": "pick up the plastic bottle on the glass table, and move it to the upper left corner on the glass table", "target_object": "the plastic bottle on the glass table", "destination|direction": "the upper left corner on the glass table", "trajectory": [[0.1281367270912227, -0.07644574360323497, 1.639], [0.16195696347412586, -0.28920089149265416, 1.7730000000000048], [0.1804044278268625, -0.3922544837932351, 2.040000000000008], [0.19000726117352412, -0.4361330448029228, 2.293000000000006], [0.25417031995140543, -0.42865603725388585, 2.500000000000005], [0.21277782298004133, -0.17519075837852163, 2.6639999999999917]], "bbox_center": [0.2527778229800413, -0.3151907583785217, 2.6039999999999917], "bbox_extent": [0.3, 0.35, 0.3], "bbox_rotation": [[0.9361168066628592, -0.08189960831908934, 0.3420201433256687], [0.19843225099607725, 0.9259215214979054, -0.32139380484326974], [-0.2903617847581892, 0.3687299691972212, 0.883022221559489]], "model_prediction": "[(563, 554, 1.782), (563, 542, 1.773), (481, 451, 1.99), (459, 440, 2.041), (461, 510, 2.106)]"}
{"question_id": 23, "image_path": "23/image.png", "gt_depth_path": "23/gt_depth.png", "mask_path": "23/mask.png", "gt_depth_intrinsics": [[420.88134765625, 0.0, 254.12351989746094], [0.0, 420.8763427734375, 192.589111328125], [0.0, 0.0, 1.0]], "prompt": "pick up the rightmost vase on the desk, and move it to the spot between the black monitor and the water bottle.", "target_object": "the rightmost vase on the desk", "destination|direction": "the spot between the black monitor and the water bottle", "trajectory": [[0.6573726241422216, 0.18385704644008283, 1.163], [0.5989672169476137, 0.12545516861528985, 1.1229999999999998], [0.5429789615877673, 0.10550208001058058, 1.1479999999999997], [0.4593154167005039, 0.08302604864118446, 1.1769999999999998], [0.38229203875737394, 0.0809394402664409, 1.2299999999999998], [0.32410695696025926, 0.08642555076122034, 1.3009999999999997], [0.3255888372787757, 0.09196091790201283, 1.3719999999999999], [0.3555708489106286, 0.17407434961057988, 1.429]], "bbox_center": [0.3555708489106286, 0.07407434961057989, 1.429], "bbox_extent": [0.10000000000000002, 0.2, 0.2], "bbox_rotation": [[0.9063077870366499, 0.0, 0.42261826174069944], [0.17860619515673035, 0.9063077870366499, -0.383022221559489], [-0.383022221559489, 0.42261826174069944, 0.8213938048432696]], "model_prediction": "[(965, 669, 1.176), (971, 616, 1.15), (959, 595, 1.143), (938, 576, 1.14), (913, 562, 1.142), (887, 552, 1.151), (828, 534, 1.191), (738, 504, 1.294), (733, 565, 1.325)]"}
{"question_id": 24, "image_path": "24/image.png", "gt_depth_path": "24/gt_depth.png", "mask_path": "24/mask.png", "gt_depth_intrinsics": [[419.7967529296875, 0.0, 254.23080444335938], [0.0, 419.7917785644531, 192.64385986328125], [0.0, 0.0, 1.0]], "prompt": "pick up the second shoe from the front, and move it to the spot which is between the chair and boxes.", "target_object": "the second shoe from the front", "destination|direction": "the spot which is between the chair and boxes", "trajectory": [[0.5147753381458138, 0.4839490219971493, 1.686], [0.449680221359562, 0.17062976298543658, 1.607000000000006], [0.33282597147405824, -0.09975266974063256, 1.6910000000000125], [0.26702177567443774, -0.20687636947406016, 1.7780000000000162], [0.13073649379538949, -0.3352013018277392, 2.0850000000000133], [-0.12004254123685107, -0.2989394218572222, 2.633000000000001], [-0.11838389069417486, -0.18249820056896987, 2.676000000000001]], "bbox_center": [-0.11838389069417486, -0.26249820056896983, 2.636000000000001], "bbox_extent": [0.25, 0.2, 0.25], "bbox_rotation": [[0.984807753012208, 0.0, -0.1736481776669303], [-0.11161889704894963, 0.766044443118978, -0.6330222215594891], [0.13302222155948898, 0.6427876096865394, 0.7544065067354889]], "model_prediction": "[(727, 818, 1.659), (724, 828, 1.671), (675, 780, 1.752), (577, 681, 1.89), (520, 372, 2.621), (524, 374, 2.714), (523, 389, 2.737)]"}
{"question_id": 25, "image_path": "25/image.png", "gt_depth_path": "25/gt_depth.png", "mask_path": "25/mask.png", "gt_depth_intrinsics": [[421.6043701171875, 0.0, 254.19171142578125], [0.0, 421.5993957519531, 192.5868682861328], [0.0, 0.0, 1.0]], "prompt": "pick up the towel hanging on the handle of the oven, and move it to the sink.", "target_object": "the towel hanging on the handle of the oven", "destination|direction": "the sink", "trajectory": [[0.0036963098144845814, -0.025549092726881977, 1.918], [0.07853886448569582, -0.19973977104110757, 1.7899999999999998], [0.2741737103923436, -0.30563319975600356, 1.8000000000000114], [0.6593854700773036, -0.5406658175635426, 2.0240000000000253], [0.9702621269199598, -0.6631737145772816, 2.251000000000025], [1.5736138354667912, -0.7556523377287345, 2.7770000000000103], [1.5798394391019932, -0.6781681169534292, 2.825000000000006]], "bbox_center": [1.6198394391019932, -0.6781681169534292, 2.865000000000006], "bbox_extent": [0.35, 0.3, 0.35], "bbox_rotation": [[0.6427876096865394, 0.0, 0.766044443118978], [0.3237443709670646, 0.9063077870366499, -0.27165378227418446], [-0.6942720440148838, 0.42261826174069944, 0.5825634160695854]], "model_prediction": "[(476, 537, 1.918), (476, 540, 1.899), (637, 336, 1.629), (950, 120, 2.511), (958, 101, 2.567), (946, 172, 2.632)]"}
{"question_id": 26, "image_path": "26/image.png", "gt_depth_path": "26/gt_depth.png", "mask_path": "26/mask.png", "gt_depth_intrinsics": [[421.3153991699219, 0.0, 253.68255615234375], [0.0, 421.42767333984375, 191.80799865722656], [0.0, 0.0, 1.0]], "prompt": "pick up the white closest clothes, and move it to the spot in the sink and in front of the yellow bottle.", "target_object": "the white closest clothes", "destination|direction": "the spot in the sink and in front of the yellow bottle", "trajectory": [[0.7118136984801091, 0.12178830461292073, 1.3699999999999999], [0.7005844514674883, 0.034172394419661696, 1.273], [0.6704254639563487, -0.08288382864295764, 1.1819999999999997], [0.6044348876254618, -0.18242969693994088, 1.1319999999999997], [0.5072731258180065, -0.21331283250136013, 1.1379999999999997], [0.3689786783872675, -0.1941373741413601, 1.2389999999999999], [0.38486894559138524, -0.10851083103742382, 1.397]], "bbox_center": [0.3448689455913852, -0.1485108310374238, 1.377], "bbox_extent": [0.2, 0.25, 0.25], "bbox_rotation": [[0.9254165783983234, -0.16317591116653482, 0.3420201433256687], [0.33543862027321114, 0.772641905825864, -0.5389855446957562], [-0.17630963800865873, 0.6135129235613115, 0.7697511313200572]], "model_prediction": "[(916, 569, 1.488), (961, 573, 1.488), (961, 537, 1.461), (949, 437, 1.39), (890, 330, 1.341), (795, 240, 1.316), (736, 179, 1.31), (708, 126, 1.31), (692, 211, 1.376)]"}
{"question_id": 27, "image_path": "27/image.png", "gt_depth_path": "27/gt_depth.png", "mask_path": "27/mask.png", "gt_depth_intrinsics": [[422.7018127441406, 0.0, 253.9573516845703], [0.0, 422.57049560546875, 191.2265167236328], [0.0, 0.0, 1.0]], "prompt": "pick up the toilet pape, and move it to the top of the brown card.", "target_object": "the toilet pape", "destination|direction": "the top of the brown card", "trajectory": [[0.10280170622636063, -0.4299190667656547, 1.103], [0.1079985384546909, -0.47451867183657725, 0.9499999999999997], [0.10162476040699446, -0.419309735649923, 0.8269999999999995], [0.07799598237482037, -0.3042712715726892, 0.7589999999999995], [0.07358161489494006, -0.11562508227538655, 0.7819999999999996], [0.026447447396389573, 0.2819453787845415, 0.9829999999999997], [0.020263505378239826, 0.38503341189546453, 1.045]], "bbox_center": [0.00026350537823982556, 0.28503341189546444, 1.045], "bbox_extent": [0.35, 0.2, 0.25], "bbox_rotation": [[0.862729915662821, -0.07547908730517333, -0.49999999999999994], [-0.2143030975783651, 0.8410301636180735, -0.49673176489215404], [0.4580079420585844, 0.5356969024216348, 0.7094064799162225]], "model_prediction": "[(578, 336, 1.145), (572, 431, 1.047), (568, 477, 1.02), (564, 522, 1.001), (560, 568, 0.986), (556, 613, 0.975), (552, 647, 0.968), (521, 781, 0.954), (518, 817, 0.976)]"}
